 NINTT                   1.
 IFORMY
 (E15.9)
 DOUSIN                 -1.
 NG                     50.
 GMNMX     1     5.0067E+00
 GMNMX     2     2.0000E+04
 NLINF                   2.
 PRY                    -1.
 MPKMOM                  8.
 MOMNMX    1             0.
 MOMNMX    2             2.
 IPLRES    1             0.
 IPLRES    2             0.
 IPLFIT    1             0.
 IPLFIT    2             0.
 ALPST     1             0.
 ALPST     2             0.
 IPRINT    1             0.
 IPRINT    2             2.
 NERFIT                  0.
 IUSER    10             4.
 RUSER    21             1.
 RUSER    22             1.
 RUSER    23             0.
 LUSER     3            -1.
 END
 NSTEND 5992          0.E+0      9.9850E-2
 .12463980E+01
 .12103410E+01
 .11719250E+01
 .11311580E+01
 .10947280E+01
 .10639940E+01
 .10403050E+01
 .10200780E+01
 .99626730E+00
 .97499130E+00
 .95679520E+00
 .94072910E+00
 .92613320E+00
 .91367820E+00
 .90094610E+00
 .88692240E+00
 .87560700E+00
 .87058930E+00
 .85893110E+00
 .84765100E+00
 .84151410E+00
 .83206320E+00
 .82688430E+00
 .81719110E+00
 .81205320E+00
 .80770830E+00
 .79925820E+00
 .79272030E+00
 .78769210E+00
 .78555200E+00
 .77736430E+00
 .77197840E+00
 .77129320E+00
 .76480100E+00
 .76041220E+00
 .75529340E+00
 .74723010E+00
 .74788430E+00
 .74564310E+00
 .74036120E+00
 .73811530E+00
 .73220830E+00
 .72893330E+00
 .72635030E+00
 .72434520E+00
 .71800800E+00
 .71443840E+00
 .71042630E+00
 .71041920E+00
 .70848700E+00
 .70420120E+00
 .69908330E+00
 .70194240E+00
 .69589330E+00
 .69101910E+00
 .69117020E+00
 .68767310E+00
 .68440530E+00
 .68315120E+00
 .68019530E+00
 .67830320E+00
 .67688040E+00
 .67103240E+00
 .67083410E+00
 .67017750E+00
 .66615200E+00
 .66496710E+00
 .66272400E+00
 .66165210E+00
 .66062930E+00
 .65517040E+00
 .65405510E+00
 .65425920E+00
 .65227600E+00
 .64971540E+00
 .64805750E+00
 .64476920E+00
 .64233110E+00
 .64217420E+00
 .64021730E+00
 .63897940E+00
 .63629530E+00
 .63215730E+00
 .63573600E+00
 .63359020E+00
 .62755010E+00
 .62938930E+00
 .62796930E+00
 .62267400E+00
 .62303920E+00
 .62066030E+00
 .62084530E+00
 .61756130E+00
 .61550050E+00
 .61562630E+00
 .61437940E+00
 .61095000E+00
 .61164240E+00
 .60675330E+00
 .60901120E+00
 .60572530E+00
 .60778900E+00
 .60453410E+00
 .60041240E+00
 .59849830E+00
 .59845020E+00
 .59814640E+00
 .59824320E+00
 .59457020E+00
 .59286120E+00
 .59247730E+00
 .59063010E+00
 .58981610E+00
 .58972120E+00
 .58676820E+00
 .58581020E+00
 .58487320E+00
 .58286240E+00
 .58312030E+00
 .58061220E+00
 .57939000E+00
 .58103130E+00
 .57910110E+00
 .57561020E+00
 .57460830E+00
 .57467410E+00
 .57429030E+00
 .57174540E+00
 .57038550E+00
 .56823210E+00
 .56799750E+00
 .56662610E+00
 .56324630E+00
 .56292530E+00
 .56328730E+00
 .55915830E+00
 .56307220E+00
 .56221530E+00
 .55820510E+00
 .55642410E+00
 .55507040E+00
 .55571130E+00
 .55805540E+00
 .55513910E+00
 .55168910E+00
 .55242110E+00
 .55089140E+00
 .54880430E+00
 .54892730E+00
 .54784200E+00
 .54677100E+00
 .54600140E+00
 .54262020E+00
 .54326530E+00
 .54401540E+00
 .54163740E+00
 .54067230E+00
 .54063840E+00
 .54033610E+00
 .53616620E+00
 .53593020E+00
 .53661920E+00
 .53528310E+00
 .53505710E+00
 .53499750E+00
 .53272820E+00
 .53223320E+00
 .52951430E+00
 .52826740E+00
 .52926640E+00
 .52808520E+00
 .52872320E+00
 .52498910E+00
 .52397540E+00
 .52465010E+00
 .52109000E+00
 .52067800E+00
 .52227120E+00
 .51970430E+00
 .51682330E+00
 .51896330E+00
 .51889320E+00
 .51532410E+00
 .51586100E+00
 .51548430E+00
 .51128340E+00
 .51347020E+00
 .51369710E+00
 .51025920E+00
 .50969740E+00
 .50789640E+00
 .51104120E+00
 .50772000E+00
 .50755020E+00
 .50495530E+00
 .50513120E+00
 .50768900E+00
 .50328020E+00
 .50386140E+00
 .50154920E+00
 .50103620E+00
 .50216530E+00
 .50021600E+00
 .49932430E+00
 .49733830E+00
 .49749900E+00
 .49785140E+00
 .49695830E+00
 .49671600E+00
 .49258420E+00
 .49077130E+00
 .49393840E+00
 .49377820E+00
 .49171400E+00
 .48894930E+00
 .49145320E+00
 .48713210E+00
 .48998210E+00
 .49039130E+00
 .48821740E+00
 .48432730E+00
 .48466630E+00
 .48652940E+00
 .48449040E+00
 .48163130E+00
 .48240610E+00
 .48108720E+00
 .48292540E+00
 .47995900E+00
 .48081020E+00
 .47907020E+00
 .47833820E+00
 .47879930E+00
 .47923330E+00
 .47512010E+00
 .47683910E+00
 .47688910E+00
 .47367140E+00
 .47431950E+00
 .47507910E+00
 .47372250E+00
 .47013330E+00
 .46944810E+00
 .47223520E+00
 .46848730E+00
 .46988530E+00
 .46733620E+00
 .46613650E+00
 .46628140E+00
 .46428300E+00
 .46582510E+00
 .46536920E+00
 .46350430E+00
 .46285920E+00
 .46290020E+00
 .46279340E+00
 .46024510E+00
 .45873740E+00
 .45980830E+00
 .46127840E+00
 .45738600E+00
 .45743610E+00
 .45796730E+00
 .45674800E+00
 .45709040E+00
 .45642420E+00
 .45394520E+00
 .45751520E+00
 .45560310E+00
 .45189000E+00
 .45166020E+00
 .45151900E+00
 .45014910E+00
 .45146510E+00
 .45013620E+00
 .44722320E+00
 .44937040E+00
 .44738720E+00
 .44691610E+00
 .44555230E+00
 .44330930E+00
 .44666100E+00
 .44521900E+00
 .44537640E+00
 .44264510E+00
 .44477940E+00
 .44279340E+00
 .44298120E+00
 .44178100E+00
 .43847320E+00
 .44041820E+00
 .44039630E+00
 .43803020E+00
 .43823100E+00
 .43778710E+00
 .43765210E+00
 .43938450E+00
 .43604420E+00
 .43696400E+00
 .43346410E+00
 .43658730E+00
 .43593120E+00
 .43224810E+00
 .43374010E+00
 .43186140E+00
 .42937330E+00
 .43289800E+00
 .43212510E+00
 .42976900E+00
 .43122340E+00
 .43040610E+00
 .42566820E+00
 .42702630E+00
 .42756320E+00
 .42728040E+00
 .42741820E+00
 .42470310E+00
 .42416330E+00
 .42571640E+00
 .42505500E+00
 .42407800E+00
 .42090420E+00
 .42164040E+00
 .42237520E+00
 .42132620E+00
 .41926720E+00
 .41927100E+00
 .41874030E+00
 .41828440E+00
 .41844130E+00
 .41855530E+00
 .41602520E+00
 .41658740E+00
 .41499140E+00
 .41486500E+00
 .41450410E+00
 .41375300E+00
 .41471530E+00
 .41259430E+00
 .41332630E+00
 .41245510E+00
 .41480640E+00
 .41202210E+00
 .41229530E+00
 .41077710E+00
 .41193100E+00
 .40747210E+00
 .40557150E+00
 .40930130E+00
 .40842100E+00
 .40696910E+00
 .40705010E+00
 .40756940E+00
 .40274910E+00
 .40433030E+00
 .40366320E+00
 .40347810E+00
 .40213010E+00
 .40194230E+00
 .40073540E+00
 .40404700E+00
 .40168710E+00
 .40296600E+00
 .40055610E+00
 .40131620E+00
 .39812040E+00
 .39901920E+00
 .39860200E+00
 .39806700E+00
 .39631410E+00
 .39504530E+00
 .39529040E+00
 .39537430E+00
 .39618540E+00
 .39537430E+00
 .39399810E+00
 .39439440E+00
 .39554740E+00
 .39147810E+00
 .39221620E+00
 .39229200E+00
 .39247700E+00
 .39320610E+00
 .39200640E+00
 .38873530E+00
 .38946720E+00
 .38866330E+00
 .38807540E+00
 .38687800E+00
 .38734910E+00
 .38799000E+00
 .38453440E+00
 .38656710E+00
 .38436130E+00
 .38405040E+00
 .38381720E+00
 .38473510E+00
 .38622710E+00
 .38508320E+00
 .38124420E+00
 .38278440E+00
 .38221500E+00
 .38102440E+00
 .37857630E+00
 .38235900E+00
 .38282540E+00
 .37904120E+00
 .37985230E+00
 .37745140E+00
 .37886520E+00
 .37885330E+00
 .37821530E+00
 .37963200E+00
 .37814330E+00
 .37506910E+00
 .37424040E+00
 .37610340E+00
 .37445740E+00
 .37383220E+00
 .37360240E+00
 .37357140E+00
 .37234540E+00
 .37308120E+00
 .37216900E+00
 .37371210E+00
 .37159110E+00
 .36890410E+00
 .37067130E+00
 .36974620E+00
 .36712930E+00
 .36834620E+00
 .36778310E+00
 .36877350E+00
 .36834620E+00
 .36454340E+00
 .36499020E+00
 .36869720E+00
 .36556100E+00
 .36653520E+00
 .36425730E+00
 .36309240E+00
 .36129710E+00
 .36520910E+00
 .36373040E+00
 .36145400E+00
 .36308240E+00
 .36537030E+00
 .36273620E+00
 .36095520E+00
 .36171820E+00
 .36190700E+00
 .35797310E+00
 .35973020E+00
 .35916710E+00
 .35816810E+00
 .35815240E+00
 .35582730E+00
 .35696740E+00
 .35888430E+00
 .35719730E+00
 .35728500E+00
 .35616920E+00
 .35263820E+00
 .35440920E+00
 .35321900E+00
 .35393810E+00
 .35338930E+00
 .35387330E+00
 .35429620E+00
 .35095740E+00
 .35140510E+00
 .35226010E+00
 .35138700E+00
 .35133120E+00
 .34957740E+00
 .34966800E+00
 .34844640E+00
 .34881020E+00
 .34982200E+00
 .34981350E+00
 .34861330E+00
 .34743740E+00
 .34662910E+00
 .34593630E+00
 .34331230E+00
 .34621810E+00
 .34676120E+00
 .34652610E+00
 .34379240E+00
 .34529400E+00
 .34432030E+00
 .34344720E+00
 .34410000E+00
 .34306620E+00
 .34192040E+00
 .34049320E+00
 .34078220E+00
 .34367940E+00
 .33910700E+00
 .34146400E+00
 .33862020E+00
 .33698030E+00
 .34009410E+00
 .33952240E+00
 .33765600E+00
 .33773140E+00
 .33754630E+00
 .33721920E+00
 .33874320E+00
 .33673240E+00
 .33731030E+00
 .33477120E+00
 .33426810E+00
 .33582120E+00
 .33409020E+00
 .33405400E+00
 .33491950E+00
 .33383420E+00
 .33141520E+00
 .33384700E+00
 .33221340E+00
 .32933810E+00
 .33294200E+00
 .33352040E+00
 .33272930E+00
 .32963040E+00
 .33030940E+00
 .33168940E+00
 .32956840E+00
 .32791520E+00
 .32832620E+00
 .32903340E+00
 .32779930E+00
 .32739310E+00
 .32706310E+00
 .32685900E+00
 .32508130E+00
 .32701300E+00
 .32717320E+00
 .32415720E+00
 .32597640E+00
 .32653520E+00
 .32116220E+00
 .32291940E+00
 .32443000E+00
 .32316020E+00
 .32187220E+00
 .32360320E+00
 .32190420E+00
 .32157420E+00
 .32287120E+00
 .32152700E+00
 .32037730E+00
 .32029200E+00
 .31991240E+00
 .32152700E+00
 .32025100E+00
 .31953530E+00
 .31621740E+00
 .31893830E+00
 .31608820E+00
 .31760220E+00
 .31861400E+00
 .31490950E+00
 .31446600E+00
 .31630130E+00
 .31674430E+00
 .31500720E+00
 .31419320E+00
 .31363730E+00
 .31207230E+00
 .31343030E+00
 .31523610E+00
 .31311510E+00
 .31437920E+00
 .31329820E+00
 .31220100E+00
 .31055740E+00
 .31177430E+00
 .31031230E+00
 .31231400E+00
 .31059500E+00
 .31093120E+00
 .31190820E+00
 .30942630E+00
 .30805920E+00
 .31018020E+00
 .31059500E+00
 .30732110E+00
 .30714510E+00
 .30969620E+00
 .30655720E+00
 .30720420E+00
 .30422640E+00
 .30534120E+00
 .30586620E+00
 .30448720E+00
 .30438330E+00
 .30587910E+00
 .30543330E+00
 .30275200E+00
 .30247210E+00
 .30385210E+00
 .30363850E+00
 .30156710E+00
 .30186030E+00
 .30384640E+00
 .30412630E+00
 .30142640E+00
 .30011610E+00
 .30137630E+00
 .30066300E+00
 .30050610E+00
 .29934930E+00
 .29770900E+00
 .29673240E+00
 .30016610E+00
 .29904840E+00
 .29704050E+00
 .30074830E+00
 .29849100E+00
 .29648020E+00
 .29625130E+00
 .29803040E+00
 .29677200E+00
 .29550600E+00
 .29567620E+00
 .29695840E+00
 .29513030E+00
 .29616640E+00
 .29578020E+00
 .29520230E+00
 .29260640E+00
 .29144430E+00
 .29249000E+00
 .29212520E+00
 .29079340E+00
 .29105710E+00
 .28987220E+00
 .29286430E+00
 .29229550E+00
 .29038810E+00
 .29094410E+00
 .28982930E+00
 .29033710E+00
 .29028130E+00
 .29036900E+00
 .28702020E+00
 .28957130E+00
 .28921220E+00
 .28670500E+00
 .28971820E+00
 .29077720E+00
 .28501510E+00
 .28616520E+00
 .28772640E+00
 .28584430E+00
 .28711130E+00
 .28562830E+00
 .28262620E+00
 .28532220E+00
 .28744030E+00
 .28426740E+00
 .28394600E+00
 .28465320E+00
 .28527550E+00
 .28457830E+00
 .28186940E+00
 .28444340E+00
 .28458740E+00
 .28103020E+00
 .28183510E+00
 .28197620E+00
 .28250120E+00
 .28174920E+00
 .27928020E+00
 .27703000E+00
 .28049330E+00
 .27954440E+00
 .27777240E+00
 .27915720E+00
 .27931830E+00
 .27812000E+00
 .27774140E+00
 .27841620E+00
 .27631710E+00
 .27660940E+00
 .27667810E+00
 .27655320E+00
 .27592130E+00
 .27618500E+00
 .27643300E+00
 .27515410E+00
 .27346130E+00
 .27588320E+00
 .27363440E+00
 .27634810E+00
 .27626040E+00
 .27129940E+00
 .27469300E+00
 .27238610E+00
 .27469300E+00
 .27322820E+00
 .27238940E+00
 .27241420E+00
 .27205320E+00
 .27046300E+00
 .27249910E+00
 .27204320E+00
 .26924710E+00
 .27118920E+00
 .27054210E+00
 .26969000E+00
 .26885410E+00
 .26898000E+00
 .27031950E+00
 .26902720E+00
 .26979730E+00
 .26763200E+00
 .26701930E+00
 .26891420E+00
 .26722000E+00
 .26506230E+00
 .26485730E+00
 .26544240E+00
 .26588820E+00
 .26701310E+00
 .26561550E+00
 .26457830E+00
 .26324220E+00
 .26303240E+00
 .26680610E+00
 .26542620E+00
 .26521920E+00
 .26209550E+00
 .26331420E+00
 .26422020E+00
 .26301910E+00
 .25997400E+00
 .26196430E+00
 .26096820E+00
 .26037120E+00
 .26175930E+00
 .26323940E+00
 .25925540E+00
 .26110220E+00
 .26061200E+00
 .26284740E+00
 .25869320E+00
 .25870510E+00
 .25796700E+00
 .25716540E+00
 .25846620E+00
 .25819920E+00
 .25789120E+00
 .25890020E+00
 .25765940E+00
 .25866700E+00
 .25641440E+00
 .25594620E+00
 .25615740E+00
 .25751730E+00
 .25504450E+00
 .25521710E+00
 .25735430E+00
 .25469920E+00
 .25565100E+00
 .25514840E+00
 .25223210E+00
 .25281000E+00
 .25345420E+00
 .25456000E+00
 .25407030E+00
 .25318430E+00
 .25418620E+00
 .25330400E+00
 .24969720E+00
 .25307420E+00
 .25200320E+00
 .25025220E+00
 .25309040E+00
 .25169800E+00
 .25144000E+00
 .24910930E+00
 .25035330E+00
 .24698540E+00
 .24910310E+00
 .24929710E+00
 .24828620E+00
 .25157640E+00
 .24988510E+00
 .24919130E+00
 .24844930E+00
 .24681810E+00
 .24717330E+00
 .24582820E+00
 .24736500E+00
 .24899340E+00
 .24543520E+00
 .24329330E+00
 .24742840E+00
 .24625920E+00
 .24641940E+00
 .24385830E+00
 .24614330E+00
 .24520640E+00
 .24268010E+00
 .24285030E+00
 .24462840E+00
 .24383310E+00
 .24409100E+00
 .24029110E+00
 .24343730E+00
 .24352500E+00
 .24285320E+00
 .24192910E+00
 .24188520E+00
 .24104640E+00
 .24268010E+00
 .24105930E+00
 .24178120E+00
 .24041130E+00
 .24140410E+00
 .23995540E+00
 .23991540E+00
 .24303820E+00
 .23900700E+00
 .23781630E+00
 .23863320E+00
 .24050900E+00
 .23891210E+00
 .23846720E+00
 .23878150E+00
 .23669720E+00
 .23486800E+00
 .23767420E+00
 .23745820E+00
 .23558520E+00
 .23692040E+00
 .23633910E+00
 .23512600E+00
 .23659040E+00
 .23581740E+00
 .23572020E+00
 .23585510E+00
 .23454810E+00
 .23492530E+00
 .23356440E+00
 .23346140E+00
 .23412130E+00
 .23161320E+00
 .23137710E+00
 .23075530E+00
 .23276040E+00
 .23512320E+00
 .23274420E+00
 .22995140E+00
 .23238330E+00
 .23305320E+00
 .22940110E+00
 .23085930E+00
 .23118640E+00
 .23329400E+00
 .23117920E+00
 .23238950E+00
 .22992610E+00
 .22823520E+00
 .22943210E+00
 .22826000E+00
 .22915940E+00
 .22907400E+00
 .22661730E+00
 .22931620E+00
 .22887040E+00
 .22776410E+00
 .22803740E+00
 .22777030E+00
 .22549200E+00
 .22575620E+00
 .22831730E+00
 .22752520E+00
 .22624640E+00
 .22516630E+00
 .22592640E+00
 .22359700E+00
 .22356940E+00
 .22347210E+00
 .22412540E+00
 .22327140E+00
 .22351220E+00
 .22461940E+00
 .22579000E+00
 .22464130E+00
 .22333000E+00
 .22619010E+00
 .22357230E+00
 .22375540E+00
 .21978900E+00
 .22108320E+00
 .22157140E+00
 .22113700E+00
 .22136640E+00
 .22209930E+00
 .22143030E+00
 .21907040E+00
 .22046230E+00
 .22238450E+00
 .22112130E+00
 .22032020E+00
 .22185040E+00
 .21969840E+00
 .21961020E+00
 .22113130E+00
 .21966310E+00
 .21671340E+00
 .21816440E+00
 .21870230E+00
 .21942230E+00
 .22076610E+00
 .21752410E+00
 .21779440E+00
 .21742920E+00
 .21977900E+00
 .21828130E+00
 .21698050E+00
 .21481230E+00
 .21609400E+00
 .21652410E+00
 .21709920E+00
 .21569540E+00
 .21499110E+00
 .21436640E+00
 .21538020E+00
 .21663520E+00
 .21429010E+00
 .21212530E+00
 .21217200E+00
 .21618510E+00
 .21627620E+00
 .21327210E+00
 .21368740E+00
 .21300220E+00
 .21324110E+00
 .21184640E+00
 .21029420E+00
 .21202420E+00
 .20974020E+00
 .20944830E+00
 .21109720E+00
 .21285720E+00
 .20857140E+00
 .21063610E+00
 .21290830E+00
 .21088740E+00
 .20917510E+00
 .20900820E+00
 .21145630E+00
 .21106000E+00
 .21029040E+00
 .20885420E+00
 .21078730E+00
 .21088740E+00
 .20815610E+00
 .20756010E+00
 .20999530E+00
 .20710710E+00
 .20618720E+00
 .20709800E+00
 .20899200E+00
 .20763830E+00
 .20754720E+00
 .20648240E+00
 .20719530E+00
 .20686820E+00
 .20580720E+00
 .20489500E+00
 .20488020E+00
 .20761300E+00
 .20778940E+00
 .20542340E+00
 .20594410E+00
 .20319840E+00
 .20418210E+00
 .20414730E+00
 .20256420E+00
 .20603510E+00
 .20376110E+00
 .20259810E+00
 .20484830E+00
 .20245310E+00
 .20068120E+00
 .20176220E+00
 .20207410E+00
 .20388320E+00
 .20247600E+00
 .20126910E+00
 .20161100E+00
 .20420120E+00
 .20162820E+00
 .20340630E+00
 .20241020E+00
 .19939900E+00
 .20160530E+00
 .19972610E+00
 .20099930E+00
 .19919540E+00
 .19923310E+00
 .19991830E+00
 .19807430E+00
 .19860840E+00
 .19874000E+00
 .19789120E+00
 .20016910E+00
 .20002840E+00
 .19716840E+00
 .19816830E+00
 .19957210E+00
 .19956640E+00
 .19845440E+00
 .19803810E+00
 .19529910E+00
 .19819310E+00
 .19511700E+00
 .19552800E+00
 .19852920E+00
 .19613840E+00
 .19458630E+00
 .19426820E+00
 .19547220E+00
 .19584940E+00
 .19399830E+00
 .19412710E+00
 .19673820E+00
 .19381620E+00
 .19212250E+00
 .19445320E+00
 .19508500E+00
 .19361830E+00
 .19353340E+00
 .19341040E+00
 .19212250E+00
 .19216010E+00
 .19252440E+00
 .19238620E+00
 .19354630E+00
 .19107340E+00
 .19332600E+00
 .19193740E+00
 .18988230E+00
 .19019030E+00
 .19225740E+00
 .19186120E+00
 .18952610E+00
 .18864010E+00
 .18955230E+00
 .19054410E+00
 .18770410E+00
 .19117930E+00
 .18864440E+00
 .18899200E+00
 .18800930E+00
 .18968110E+00
 .19089320E+00
 .18778320E+00
 .18967440E+00
 .18969350E+00
 .18449640E+00
 .18927810E+00
 .18860630E+00
 .18605140E+00
 .18701310E+00
 .18365140E+00
 .18527220E+00
 .18737410E+00
 .18569610E+00
 .18642230E+00
 .18655820E+00
 .18484540E+00
 .18649100E+00
 .18379550E+00
 .18425420E+00
 .18459320E+00
 .18605420E+00
 .18780800E+00
 .18443350E+00
 .18403100E+00
 .18596740E+00
 .18336530E+00
 .18256140E+00
 .18374820E+00
 .18399620E+00
 .18351940E+00
 .18350600E+00
 .18321130E+00
 .18186620E+00
 .18060300E+00
 .18155530E+00
 .18255140E+00
 .18505240E+00
 .18027310E+00
 .17962030E+00
 .18212030E+00
 .17978620E+00
 .17879010E+00
 .18225620E+00
 .18265530E+00
 .18019100E+00
 .18154620E+00
 .17865800E+00
 .18054340E+00
 .17883010E+00
 .17727800E+00
 .18152620E+00
 .17876820E+00
 .17762710E+00
 .18308830E+00
 .17866710E+00
 .18007520E+00
 .17756220E+00
 .17559720E+00
 .17623230E+00
 .17979530E+00
 .17996840E+00
 .17724420E+00
 .17766240E+00
 .17769910E+00
 .17793850E+00
 .17628810E+00
 .17512320E+00
 .17652420E+00
 .17904420E+00
 .17422440E+00
 .17713740E+00
 .17436500E+00
 .17277910E+00
 .17362400E+00
 .17567300E+00
 .17575410E+00
 .17359920E+00
 .17386340E+00
 .17530820E+00
 .17514800E+00
 .17192130E+00
 .17384100E+00
 .17589040E+00
 .17321920E+00
 .17512040E+00
 .17475510E+00
 .17212530E+00
 .17395110E+00
 .17532440E+00
 .17069240E+00
 .17083740E+00
 .17166040E+00
 .17304040E+00
 .17071720E+00
 .17176720E+00
 .17212200E+00
 .16936300E+00
 .16925620E+00
 .17129950E+00
 .17064520E+00
 .16993810E+00
 .17211910E+00
 .17263410E+00
 .17072730E+00
 .16691210E+00
 .16767020E+00
 .17106340E+00
 .17135240E+00
 .16860630E+00
 .16973730E+00
 .16989710E+00
 .16967540E+00
 .17164130E+00
 .16876600E+00
 .16820140E+00
 .16897730E+00
 .16831450E+00
 .16853000E+00
 .16788720E+00
 .16861200E+00
 .16794300E+00
 .16837740E+00
 .16745620E+00
 .16588830E+00
 .16624640E+00
 .16604800E+00
 .16756630E+00
 .16401240E+00
 .16542340E+00
 .16797830E+00
 .16462230E+00
 .16408440E+00
 .16753820E+00
 .16596030E+00
 .16519020E+00
 .16755010E+00
 .16531610E+00
 .16410920E+00
 .16452740E+00
 .16577530E+00
 .16186330E+00
 .16430140E+00
 .16471620E+00
 .16195730E+00
 .16344740E+00
 .16668320E+00
 .16352510E+00
 .16301350E+00
 .16240020E+00
 .16312310E+00
 .16306640E+00
 .16416030E+00
 .16488500E+00
 .16114620E+00
 .16203930E+00
 .16203310E+00
 .15985820E+00
 .16362240E+00
 .16267730E+00
 .16211410E+00
 .15966320E+00
 .16058110E+00
 .16041710E+00
 .16087340E+00
 .16256710E+00
 .15915440E+00
 .15893410E+00
 .16240740E+00
 .16275930E+00
 .15634820E+00
 .15898230E+00
 .15947820E+00
 .16241930E+00
 .15776210E+00
 .15684510E+00
 .15782500E+00
 .15969800E+00
 .16041140E+00
 .15908810E+00
 .15983340E+00
 .15621610E+00
 .16023540E+00
 .15840010E+00
 .15524820E+00
 .15747310E+00
 .15710930E+00
 .15854500E+00
 .15579510E+00
 .15725420E+00
 .15764620E+00
 .15697000E+00
 .15631720E+00
 .15652420E+00
 .15621610E+00
 .15578940E+00
 .15480230E+00
 .15402600E+00
 .15437510E+00
 .15631440E+00
 .15627910E+00
 .15489440E+00
 .15528920E+00
 .15735440E+00
 .15413330E+00
 .15344520E+00
 .15430020E+00
 .15435600E+00
 .15462020E+00
 .15455720E+00
 .15428020E+00
 .15241720E+00
 .15192410E+00
 .15243910E+00
 .15197710E+00
 .15428020E+00
 .15320630E+00
 .15231040E+00
 .15073010E+00
 .15108820E+00
 .15152840E+00
 .15227220E+00
 .15010120E+00
 .15250540E+00
 .15246110E+00
 .15126130E+00
 .15116020E+00
 .15070820E+00
 .15396020E+00
 .15082410E+00
 .15063330E+00
 .15199040E+00
 .14961720E+00
 .14961240E+00
 .15050130E+00
 .14990430E+00
 .14850900E+00
 .14733740E+00
 .15308050E+00
 .15134330E+00
 .14871640E+00
 .14861200E+00
 .14812800E+00
 .14755340E+00
 .14961720E+00
 .14862540E+00
 .15072110E+00
 .14972110E+00
 .14865020E+00
 .15018320E+00
 .14776420E+00
 .14749150E+00
 .14903640E+00
 .14762930E+00
 .14982840E+00
 .14718200E+00
 .14484120E+00
 .14487310E+00
 .14854910E+00
 .14774230E+00
 .14761300E+00
 .14526940E+00
 .14715100E+00
 .14442730E+00
 .14670800E+00
 .14529420E+00
 .14436100E+00
 .14366340E+00
 .14544200E+00
 .14456220E+00
 .14657310E+00
 .14383030E+00
 .14471340E+00
 .14564940E+00
 .14394040E+00
 .14407540E+00
 .14602330E+00
 .14314510E+00
 .14641520E+00
 .14597320E+00
 .14291620E+00
 .13991830E+00
 .14280610E+00
 .14493610E+00
 .14486120E+00
 .14209510E+00
 .14446830E+00
 .14468720E+00
 .13971420E+00
 .14285330E+00
 .14391420E+00
 .14353420E+00
 .14138510E+00
 .14306020E+00
 .14102410E+00
 .14190010E+00
 .13986540E+00
 .13948440E+00
 .13972330E+00
 .13955310E+00
 .14257620E+00
 .14245610E+00
 .14014720E+00
 .13840910E+00
 .13857320E+00
 .14268920E+00
 .13734440E+00
 .13937140E+00
 .13949010E+00
 .14161110E+00
 .14076040E+00
 .13988730E+00
 .14141320E+00
 .13788840E+00
 .13823130E+00
 .13957930E+00
 .13607500E+00
 .14135410E+00
 .14097020E+00
 .13749840E+00
 .13580230E+00
 .13598110E+00
 .13754220E+00
 .13758950E+00
 .13749500E+00
 .13661810E+00
 .13801430E+00
 .13677220E+00
 .13723420E+00
 .13647410E+00
 .13715600E+00
 .13788220E+00
 .13719030E+00
 .13645840E+00
 .13868900E+00
 .13440320E+00
 .13605930E+00
 .13721940E+00
 .13550900E+00
 .13456010E+00
 .13478040E+00
 .13670920E+00
 .13645510E+00
 .13702440E+00
 .13471220E+00
 .13513520E+00
 .13520150E+00
 .13595910E+00
 .13403510E+00
 .13417100E+00
 .13189220E+00
 .13301130E+00
 .13494440E+00
 .13648320E+00
 .13333850E+00
 .13024620E+00
 .13612510E+00
 .13159700E+00
 .13415530E+00
 .13283210E+00
 .13213440E+00
 .13024620E+00
 .13351110E+00
 .13471410E+00
 .13288640E+00
 .13158850E+00
 .13196230E+00
 .13181110E+00
 .13345150E+00
 .13181400E+00
 .13211920E+00
 .13135810E+00
 .13346720E+00
 .13132430E+00
 .13137100E+00
 .13213210E+00
 .13112930E+00
 .12887000E+00
 .13250210E+00
 .12858440E+00
 .13078310E+00
 .12913130E+00
 .13005400E+00
 .13079930E+00
 .13229800E+00
 .13113210E+00
 .13141200E+00
 .12981610E+00
 .13082120E+00
 .12699410E+00
 .12723300E+00
 .13280110E+00
 .12908740E+00
 .12889240E+00
 .12876320E+00
 .12745330E+00
 .13087840E+00
 .12806510E+00
 .12660410E+00
 .12863110E+00
 .12929110E+00
 .12739610E+00
 .12722300E+00
 .12697510E+00
 .12917800E+00
 .12739040E+00
 .12841700E+00
 .12629030E+00
 .12880420E+00
 .12946700E+00
 .12758110E+00
 .12604240E+00
 .12589120E+00
 .12736230E+00
 .12330530E+00
 .12680240E+00
 .12800650E+00
 .12630030E+00
 .12763830E+00
 .12666130E+00
 .12779240E+00
 .12613010E+00
 .12588830E+00
 .12423800E+00
 .12428330E+00
 .12620540E+00
 .12744620E+00
 .12552310E+00
 .12473540E+00
 .12649110E+00
 .12538810E+00
 .12430430E+00
 .12282420E+00
 .12383600E+00
 .12435820E+00
 .12561850E+00
 .12430720E+00
 .12273650E+00
 .12492320E+00
 .12452410E+00
 .12325240E+00
 .12553640E+00
 .12282420E+00
 .12454610E+00
 .12165210E+00
 .12235020E+00
 .12364720E+00
 .12319230E+00
 .12119910E+00
 .12196730E+00
 .12178130E+00
 .12190440E+00
 .12111230E+00
 .12143950E+00
 .12054630E+00
 .12425420E+00
 .12101410E+00
 .12027030E+00
 .11994600E+00
 .12104940E+00
 .12108140E+00
 .12013720E+00
 .11886220E+00
 .12162110E+00
 .12049910E+00
 .12015720E+00
 .12070320E+00
 .12158730E+00
 .12098030E+00
 .11972050E+00
 .11939620E+00
 .11928610E+00
 .11987110E+00
 .11836910E+00
 .12065940E+00
 .12094550E+00
 .11832810E+00
 .11941810E+00
 .11996510E+00
 .11965130E+00
 .11712410E+00
 .11959410E+00
 .11889600E+00
 .11864900E+00
 .11814210E+00
 .11863520E+00
 .11710020E+00
 .11871430E+00
 .11940620E+00
 .11727810E+00
 .11956930E+00
 .11906620E+00
 .11753030E+00
 .11827420E+00
 .11667540E+00
 .11590240E+00
 .11523630E+00
 .11842630E+00
 .11692620E+00
 .11681320E+00
 .11524200E+00
 .11660620E+00
 .11772820E+00
 .11883400E+00
 .11535220E+00
 .11495300E+00
 .11587430E+00
 .11434320E+00
 .11852220E+00
 .11456300E+00
 .11668110E+00
 .11233900E+00
 .11642310E+00
 .11629820E+00
 .11602540E+00
 .11534930E+00
 .11463210E+00
 .11656520E+00
 .11327510E+00
 .11258750E+00
 .11367700E+00
 .11688520E+00
 .11405230E+00
 .11247440E+00
 .11592100E+00
 .11327220E+00
 .11635540E+00
 .11404800E+00
 .11190840E+00
 .11266900E+00
 .11222600E+00
 .10973410E+00
 .11455820E+00
 .11340710E+00
 .11195800E+00
 .11337330E+00
 .11622910E+00
 .11208530E+00
 .11200900E+00
 .11232330E+00
 .11262230E+00
 .11358640E+00
 .11187120E+00
 .11311240E+00
 .11248730E+00
 .11229520E+00
 .11343240E+00
 .11003210E+00
 .10908700E+00
 .11138010E+00
 .11071110E+00
 .10994720E+00
 .11135630E+00
 .11176110E+00
 .11232610E+00
 .10829110E+00
 .11199050E+00
 .11180540E+00
 .11207820E+00
 .11072730E+00
 .11041210E+00
 .11323120E+00
 .11190510E+00
 .11063620E+00
 .10696940E+00
 .10993810E+00
 .11044840E+00
 .11048840E+00
 .11008930E+00
 .11164520E+00
 .10896440E+00
 .10710430E+00
 .10926630E+00
 .10929730E+00
 .10979130E+00
 .10668950E+00
 .10885720E+00
 .11011740E+00
 .10778620E+00
 .10916810E+00
 .10945130E+00
 .10706040E+00
 .10933210E+00
 .10804030E+00
 .10863110E+00
 .10828210E+00
 .10970640E+00
 .10655740E+00
 .10837320E+00
 .11097240E+00
 .10760740E+00
 .10607910E+00
 .10558320E+00
 .10697220E+00
 .10660840E+00
 .10772610E+00
 .10618730E+00
 .10753440E+00
 .10752820E+00
 .10540440E+00
 .10696220E+00
 .10528140E+00
 .10631940E+00
 .10833640E+00
 .10926910E+00
 .10734940E+00
 .10656020E+00
 .10431720E+00
 .10511110E+00
 .10637520E+00
 .10742140E+00
 .10466340E+00
 .10511540E+00
 .10489850E+00
 .10846140E+00
 .10472820E+00
 .10400630E+00
 .10361910E+00
 .10606430E+00
 .10438630E+00
 .10433630E+00
 .10155820E+00
 .10589410E+00
 .10463430E+00
 .10265540E+00
 .10216520E+00
 .10236220E+00
 .10312220E+00
 .10359140E+00
 .10286520E+00
 .10511110E+00
 .10428910E+00
 .10207030E+00
 .99475380E-01
 .10446830E+00
 .10353420E+00
 .10161110E+00
 .10412840E+00
 .10543630E+00
 .10027310E+00
 .10329630E+00
 .10324620E+00
 .10068510E+00
 .10441110E+00
 .10251330E+00
 .10171220E+00
 .10207700E+00
 .10209800E+00
 .10348420E+00
 .10256340E+00
 .10222430E+00
 .10031700E+00
 .10041710E+00
 .10137510E+00
 .10163020E+00
 .10284040E+00
 .10085440E+00
 .10232110E+00
 .10131030E+00
 .99723340E-01
 .97907070E-01
 .10078530E+00
 .10133500E+00
 .98561290E-01
 .99827290E-01
 .10326430E+00
 .10108710E+00
 .99236010E-01
 .99261280E-01
 .10153010E+00
 .98780160E-01
 .97935200E-01
 .10019830E+00
 .10019830E+00
 .10106230E+00
 .98400120E-01
 .10028510E+00
 .96295360E-01
 .98337170E-01
 .98818300E-01
 .98123070E-01
 .10085110E+00
 .97778320E-01
 .98381040E-01
 .99911210E-01
 .96678260E-01
 .97212310E-01
 .97398280E-01
 .10088920E+00
 .95978260E-01
 .98340990E-01
 .99506380E-01
 .96964360E-01
 .98205090E-01
 .97526070E-01
 .99069120E-01
 .96838000E-01
 .97087380E-01
 .95000270E-01
 .96618180E-01
 .98243240E-01
 .96072200E-01
 .97990990E-01
 .98470210E-01
 .97502230E-01
 .95132350E-01
 .99601270E-01
 .96308230E-01
 .97369190E-01
 .96914290E-01
 .96210000E-01
 .95534320E-01
 .97407340E-01
 .94557290E-01
 .94048020E-01
 .96345420E-01
 .98155020E-01
 .93322280E-01
 .95635410E-01
 .94325070E-01
 .94133380E-01
 .95094200E-01
 .97037320E-01
 .95277310E-01
 .93561170E-01
 .94972130E-01
 .92514990E-01
 .93492030E-01
 .94419000E-01
 .94843390E-01
 .97957130E-01
 .94623090E-01
 .92084410E-01
 .93555450E-01
 .95336440E-01
 .92584130E-01
 .93693260E-01
 .93835350E-01
 .94862460E-01
 .95453260E-01
 .95899110E-01
 .94450000E-01
 .93178270E-01
 .91701030E-01
 .92688080E-01
 .94218250E-01
 .94862460E-01
 .92210290E-01
 .92568400E-01
 .91544150E-01
 .92084410E-01
 .93775270E-01
 .92122080E-01
 .92273240E-01
 .92826370E-01
 .91553210E-01
 .92270370E-01
 .92339040E-01
 .93172070E-01
 .91258050E-01
 .90790270E-01
 .91396330E-01
 .91610430E-01
 .90036390E-01
 .89671130E-01
 .91573240E-01
 .93457220E-01
 .90607170E-01
 .91041090E-01
 .93291280E-01
 .89304450E-01
 .90032100E-01
 .90768340E-01
 .90070250E-01
 .91423990E-01
 .88725090E-01
 .91519360E-01
 .89769360E-01
 .89035990E-01
 .90403080E-01
 .91415410E-01
 .87955000E-01
 .92229370E-01
 .91267110E-01
 .88141440E-01
 .91230390E-01
 .89872360E-01
 .90551380E-01
 .88335990E-01
 .90183260E-01
 .90909000E-01
 .89018340E-01
 .87173460E-01
 .89294430E-01
 .90227130E-01
 .88826180E-01
 .88794230E-01
 .89309220E-01
 .90089320E-01
 .87531090E-01
 .90083120E-01
 .87890150E-01
 .89765070E-01
 .86868290E-01
 .90008260E-01
 .90029240E-01
 .87531090E-01
 .87839130E-01
 .89668270E-01
 .88135240E-01
 .88493350E-01
 .89803220E-01
 .88345050E-01
 .84854130E-01
 .88122370E-01
 .87509160E-01
 .87129120E-01
 .86570260E-01
 .87138180E-01
 .86749080E-01
 .87751390E-01
 .87286000E-01
 .85901260E-01
 .87710380E-01
 .87035180E-01
 .87088110E-01
 .87820050E-01
 .85212230E-01
 .86315160E-01
 .85982320E-01
 .86837290E-01
 .88810440E-01
 .83334450E-01
 .86507320E-01
 .86815360E-01
 .85347180E-01
 .84603310E-01
 .85460190E-01
 .85347180E-01
 .87669370E-01
 .86658000E-01
 .84769250E-01
 .86363320E-01
 .87403300E-01
 .84361080E-01
 .85237030E-01
 .86881160E-01
 .85105420E-01
 .85838320E-01
 .83703990E-01
 .83541390E-01
 .88999270E-01
 .85445400E-01
 .81970210E-01
 .85137370E-01
 .85605140E-01
 .83204270E-01
 .85680010E-01
 .83554270E-01
 .80245020E-01
 .85552220E-01
 .87849140E-01
 .84455010E-01
 .82007410E-01
 .80961230E-01
 .84892270E-01
 .82519050E-01
 .83594320E-01
 .81810000E-01
 .82755090E-01
 .82130430E-01
 .82230090E-01
 .82601070E-01
 .83597180E-01
 .82365990E-01
 .82934380E-01
 .84839340E-01
 .83185200E-01
 .84125040E-01
 .81467150E-01
 .82020280E-01
 .82419400E-01
 .84097390E-01
 .82437990E-01
 .80908300E-01
 .80879210E-01
 .82365990E-01
 .81118110E-01
 .83148000E-01
 .84411140E-01
 .81414220E-01
 .82601070E-01
 .85414410E-01
 .81086160E-01
 .81772330E-01
 .82271100E-01
 .80307010E-01
 .82253460E-01
 .81683160E-01
 .82325460E-01
 .82677360E-01
 .77938080E-01
 .81420420E-01
 .83157060E-01
 .81297400E-01
 .78526020E-01
 .82030300E-01
 .79418180E-01
 .78472140E-01
 .80241200E-01
 .79440120E-01
 .80552100E-01
 .80009460E-01
 .80999370E-01
 .80990310E-01
 .77976230E-01
 .79660420E-01
 .79874040E-01
 .77458380E-01
 .77624320E-01
 .77812190E-01
 .80018040E-01
 .83506110E-01
 .76045990E-01
 .75698380E-01
 .78799250E-01
 .78485010E-01
 .77580450E-01
 .77216150E-01
 .78686240E-01
 .79334260E-01
 .79670430E-01
 .77882290E-01
 .80241200E-01
 .80034260E-01
 .77388290E-01
 .80354210E-01
 .79000000E-01
 .78124050E-01
 .78117370E-01
 .76621060E-01
 .81294060E-01
 .77360150E-01
 .78058240E-01
 .78017230E-01
 .78563210E-01
 .76634410E-01
 .77750210E-01
 .77976230E-01
 .76000210E-01
 .76751230E-01
 .79509260E-01
 .78296180E-01
 .77096460E-01
 .74765210E-01
 .78029160E-01
 .79710010E-01
 .78067300E-01
 .76640130E-01
 .77036380E-01
 .76320170E-01
 .76471330E-01
 .76961040E-01
 .77702050E-01
 .77231410E-01
 .76678280E-01
 .76628210E-01
 .76138020E-01
 .76389310E-01
 .76471330E-01
 .75270180E-01
 .75214390E-01
 .74878220E-01
 .74881080E-01
 .76669220E-01
 .75576310E-01
 .74413300E-01
 .72983260E-01
 .78092100E-01
 .75186250E-01
 .77354430E-01
 .74193000E-01
 .74271200E-01
 .76226230E-01
 .76578140E-01
 .74686050E-01
 .74186330E-01
 .73197360E-01
 .77084060E-01
 .77332020E-01
 .75409410E-01
 .74274060E-01
 .74598310E-01
 .74215410E-01
 .75110440E-01
 .75641160E-01
 .71808340E-01
 .72687150E-01
 .76367380E-01
 .75019360E-01
 .75133320E-01
 .75133320E-01
 .71984290E-01
 .75245380E-01
 .73357110E-01
 .74322220E-01
 .73853020E-01
 .75157170E-01
 .72757240E-01
 .71673390E-01
 .74124340E-01
 .74557300E-01
 .75320240E-01
 .74843410E-01
 .74400420E-01
 .76527120E-01
 .73087220E-01
 .67961220E-01
 .70616250E-01
 .71421150E-01
 .74736120E-01
 .73348050E-01
 .71560380E-01
 .73130130E-01
 .73681350E-01
 .70262430E-01
 .72345260E-01
 .71679120E-01
 .72345260E-01
 .72904110E-01
 .71409230E-01
 .70303440E-01
 .73781010E-01
 .73470120E-01
 .72568420E-01
 .69181440E-01
 .69552420E-01
 .73473450E-01
 .71163180E-01
 .69558140E-01
 .71575160E-01
 .71333410E-01
 .72201250E-01
 .70180420E-01
 .71050170E-01
 .72719100E-01
 .72090150E-01
 .69800380E-01
 .71811200E-01
 .71387290E-01
 .72181220E-01
 .71833130E-01
 .68301200E-01
 .68986420E-01
 .70994380E-01
 .69404130E-01
 .67364220E-01
 .70903300E-01
 .71132180E-01
 .71238990E-01
 .71245190E-01
 .70227150E-01
 .69517140E-01
 .71157460E-01
 .71550370E-01
 .69982050E-01
 .69259170E-01
 .68807130E-01
 .67687990E-01
 .67638400E-01
 .70972440E-01
 .72511200E-01
 .68879130E-01
 .69649220E-01
 .69552420E-01
 .69464210E-01
 .69998260E-01
 .70718290E-01
 .68075180E-01
 .67289350E-01
 .66645150E-01
 .68185330E-01
 .69916250E-01
 .67955020E-01
 .67597390E-01
 .70067410E-01
 .69680210E-01
 .67286010E-01
 .68131450E-01
 .68317410E-01
 .68672180E-01
 .68417070E-01
 .68665030E-01
 .67692280E-01
 .66762450E-01
 .66321370E-01
 .68672180E-01
 .71600440E-01
 .68807130E-01
 .63745020E-01
 .66972260E-01
 .67405220E-01
 .66941260E-01
 .69300170E-01
 .67594050E-01
 .66425320E-01
 .69592000E-01
 .65486430E-01
 .69011210E-01
 .68150040E-01
 .69096090E-01
 .67833420E-01
 .66774370E-01
 .67497250E-01
 .68059440E-01
 .67880150E-01
 .69156170E-01
 .67264080E-01
 .67594050E-01
 .67277430E-01
 .67525390E-01
 .66717150E-01
 .65473080E-01
 .68417070E-01
 .64540390E-01
 .64760210E-01
 .66390990E-01
 .66331390E-01
 .66982270E-01
 .65923210E-01
 .65655230E-01
 .66309450E-01
 .67336080E-01
 .63120370E-01
 .64314370E-01
 .69077010E-01
 .65787320E-01
 .66026210E-01
 .69285390E-01
 .65947060E-01
 .63773160E-01
 .63477990E-01
 .66321370E-01
 .67591190E-01
 .63968180E-01
 .64071180E-01
 .65171240E-01
 .67050460E-01
 .65979000E-01
 .64329150E-01
 .68176270E-01
 .67195420E-01
 .63786030E-01
 .64418320E-01
 .61835290E-01
 .64625260E-01
 .67242150E-01
 .64933300E-01
 .61816220E-01
 .63535210E-01
 .67170140E-01
 .66180230E-01
 .62343120E-01
 .62746050E-01
 .62862400E-01
 .66092010E-01
 .63811300E-01
 .65740110E-01
 .64342020E-01
 .61621190E-01
 .63082220E-01
 .63594340E-01
 .63374040E-01
 .63151360E-01
 .63845160E-01
 .63553330E-01
 .62570100E-01
 .63889030E-01
 .65813060E-01
 .62048440E-01
 .61192990E-01
 .62479020E-01
 .61470030E-01
 .63717370E-01
 .62463280E-01
 .64480300E-01
 .63450340E-01
 .61681270E-01
 .64490320E-01
 .62023160E-01
 .64298150E-01
 .61473370E-01
 .62077050E-01
 .62058450E-01
 .62875270E-01
 .63038350E-01
 .59867380E-01
 .61021330E-01
 .62805180E-01
 .62783240E-01
 .63572410E-01
 .60414310E-01
 .59817310E-01
 .61504360E-01
 .63314440E-01
 .63170430E-01
 .62120440E-01
 .61363220E-01
 .61281200E-01
 .61734200E-01
 .62369350E-01
 .60860160E-01
 .62501430E-01
 .62215330E-01
 .62911990E-01
 .62542440E-01
 .58542250E-01
 .60040000E-01
 .60741420E-01
 .60606000E-01
 .58585170E-01
 .62051300E-01
 .61373230E-01
 .59632300E-01
 .62859060E-01
 .60528280E-01
 .61442380E-01
 .61429020E-01
 .57869430E-01
 .60452460E-01
 .61379430E-01
 .60021400E-01
 .63016410E-01
 .63242440E-01
 .58718200E-01
 .58981420E-01
 .60776230E-01
 .61621190E-01
 .59324260E-01
 .61275010E-01
 .59601310E-01
 .58548450E-01
 .60025220E-01
 .60257430E-01
 .60335160E-01
 .60622220E-01
 .59798240E-01
 .61850070E-01
 .60678010E-01
 .58834080E-01
 .59842110E-01
 .56779380E-01
 .60414310E-01
 .58190350E-01
 .59899330E-01
 .60066220E-01
 .58347230E-01
 .60006140E-01
 .60056210E-01
 .57485100E-01
 .61307430E-01
 .61171050E-01
 .60025220E-01
 .57860370E-01
 .56508060E-01
 .56741240E-01
 .58104990E-01
 .57241440E-01
 .59330460E-01
 .60665130E-01
 .58176990E-01
 .55359360E-01
 .57853220E-01
 .59642310E-01
 .60411450E-01
 .56948180E-01
 .56685450E-01
 .58806420E-01
 .62506200E-01
 .59069160E-01
 .57502270E-01
 .54947380E-01
 .57489400E-01
 .56232450E-01
 .59311390E-01
 .58199410E-01
 .57991030E-01
 .57816030E-01
 .56496140E-01
 .56222440E-01
 .57838440E-01
 .54372310E-01
 .57228090E-01
 .56801320E-01
 .56631090E-01
 .59424400E-01
 .57068350E-01
 .57366370E-01
 .56059360E-01
 .56235310E-01
 .58963300E-01
 .56728360E-01
 .58642390E-01
 .56854250E-01
 .54092410E-01
 .59745310E-01
 .60298440E-01
 .57360170E-01
 .54604050E-01
 .56553360E-01
 .56433200E-01
 .56772230E-01
 .57680130E-01
 .57655330E-01
 .56408410E-01
 .55446150E-01
 .55534360E-01
 .53574090E-01
 .55786130E-01
 .55537220E-01
 .57548050E-01
 .55531020E-01
 .55475230E-01
 .56524280E-01
 .58309080E-01
 .52043440E-01
 .58856010E-01
 .57502270E-01
 .54774280E-01
 .54328440E-01
 .55585380E-01
 .56247230E-01
 .53957460E-01
 .53976060E-01
 .56421280E-01
 .53181170E-01
 .55701260E-01
 .54705140E-01
 .55657390E-01
 .53888320E-01
 .56452270E-01
 .55261140E-01
 .55534360E-01
 .54164410E-01
 .55261140E-01
 .55980210E-01
 .54717060E-01
 .57511330E-01
 .56637290E-01
 .55494310E-01
 .53561210E-01
 .52320000E-01
 .53662300E-01
 .54789070E-01
 .55516240E-01
 .53470130E-01
 .55779460E-01
 .55688380E-01
 .52923200E-01
 .52637100E-01
 .55619240E-01
 .54909230E-01
 .53881170E-01
 .53612230E-01
 .53649430E-01
 .51317210E-01
 .52373410E-01
 .54714200E-01
 .54551120E-01
 .53737160E-01
 .52496430E-01
 .54625990E-01
 .55811410E-01
 .51751140E-01
 .53536420E-01
 .50696370E-01
 .53124430E-01
 .55355070E-01
 .54324150E-01
 .51990030E-01
 .52179340E-01
 .55381300E-01
 .52807330E-01
 .54004190E-01
 .53948400E-01
 .51522250E-01
 .50617220E-01
 .54076190E-01
 .53397180E-01
 .51415440E-01
 .51955220E-01
 .52813050E-01
 .51305290E-01
 .52282330E-01
 .53102020E-01
 .51516060E-01
 .53250310E-01
 .52936080E-01
 .52241330E-01
 .53517340E-01
 .51717280E-01
 .51189420E-01
 .53140160E-01
 .51293370E-01
 .52644250E-01
 .52829270E-01
 .52081110E-01
 .50906180E-01
 .50384040E-01
 .51949020E-01
 .50208090E-01
 .51471230E-01
 .51996230E-01
 .51959040E-01
 .51924230E-01
 .52628040E-01
 .53068160E-01
 .51839350E-01
 .53721430E-01
 .51440240E-01
 .50186160E-01
 .51101210E-01
 .49442290E-01
 .51471230E-01
 .51286220E-01
 .51795010E-01
 .50051210E-01
 .53056240E-01
 .51820280E-01
 .51619050E-01
 .52043440E-01
 .50919060E-01
 .51129340E-01
 .50353050E-01
 .52295210E-01
 .51043990E-01
 .51321030E-01
 .50186160E-01
 .50117020E-01
 .50620080E-01
 .50777440E-01
 .49090390E-01
 .51380160E-01
 .47937390E-01
 .49489020E-01
 .49344060E-01
 .51245210E-01
 .50925250E-01
 .45762060E-01
 .48889160E-01
 .49972060E-01
 .51180360E-01
 .49061300E-01
 .51185130E-01
 .51820280E-01
 .50328250E-01
 .48678400E-01
 .49033160E-01
 .47946450E-01
 .49835210E-01
 .49967290E-01
 .48823360E-01
 .48741340E-01
 .50479410E-01
 .47117230E-01
 .47371390E-01
 .49055100E-01
 .49615380E-01
 .52194120E-01
 .48280240E-01
 .48841000E-01
 .50004010E-01
 .50651070E-01
 .48854350E-01
 .49162390E-01
 .49209120E-01
 .49193380E-01
 .48932080E-01
 .50950050E-01
 .48732280E-01
 .47522070E-01
 .50651070E-01
 .48489090E-01
 .49008370E-01
 .47814370E-01
 .48521040E-01
 .46331410E-01
 .48804280E-01
 .49027440E-01
 .46161170E-01
 .48489090E-01
 .49225330E-01
 .46064380E-01
 .47626020E-01
 .52572250E-01
 .50092220E-01
 .48769000E-01
 .47088150E-01
 .46368120E-01
 .50482270E-01
 .50127030E-01
 .50111290E-01
 .48116210E-01
 .48166280E-01
 .48930170E-01
 .49303050E-01
 .48936370E-01
 .44672010E-01
 .49307350E-01
 .47358040E-01
 .46095370E-01
 .47971250E-01
 .48185350E-01
 .48348430E-01
 .48213010E-01
 .46604160E-01
 .45929430E-01
 .45489310E-01
 .48521040E-01
 .47340390E-01
 .46746250E-01
 .48266410E-01
 .48053260E-01
 .48194410E-01
 .48075200E-01
 .46092030E-01
 .47751430E-01
 .45128350E-01
 .46209340E-01
 .46363350E-01
 .49454210E-01
 .46824460E-01
 .46164040E-01
 .45165060E-01
 .46296120E-01
 .46372410E-01
 .48609260E-01
 .48983100E-01
 .43406010E-01
 .46611310E-01
 .46978000E-01
 .46746250E-01
 .46032430E-01
 .43531420E-01
 .44304370E-01
 .47368050E-01
 .47581200E-01
 .47603130E-01
 .45306210E-01
 .45844080E-01
 .47531130E-01
 .44534210E-01
 .42475220E-01
 .44637200E-01
 .46485420E-01
 .44442180E-01
 .44113160E-01
 .46849250E-01
 .44370170E-01
 .44895170E-01
 .46403410E-01
 .44904230E-01
 .47333240E-01
 .44851300E-01
 .45756340E-01
 .45454030E-01
 .46287060E-01
 .48798080E-01
 .43336390E-01
 .43255330E-01
 .44681070E-01
 .46988010E-01
 .46011450E-01
 .43802260E-01
 .44266220E-01
 .46586040E-01
 .48537250E-01
 .45300010E-01
 .43745040E-01
 .45363430E-01
 .45143130E-01
 .46123030E-01
 .44320110E-01
 .44355390E-01
 .45992370E-01
 .45916080E-01
 .45923230E-01
 .46495440E-01
 .45888420E-01
 .46739100E-01
 .44908050E-01
 .43541430E-01
 .48012260E-01
 .43729310E-01
 .44512270E-01
 .44565200E-01
 .45055390E-01
 .44575210E-01
 .44417380E-01
 .43280120E-01
 .45316220E-01
 .48188210E-01
 .46067240E-01
 .40003300E-01
 .42802330E-01
 .45414450E-01
 .44675350E-01
 .42394160E-01
 .42318340E-01
 .41360380E-01
 .44590000E-01
 .43987270E-01
 .42004110E-01
 .41775230E-01
 .43999200E-01
 .44134140E-01
 .43632030E-01
 .44442180E-01
 .43041230E-01
 .43079380E-01
 .42862420E-01
 .45699120E-01
 .44019220E-01
 .45134070E-01
 .41486260E-01
 .43906210E-01
 .43459420E-01
 .43650150E-01
 .43060300E-01
 .47097210E-01
 .42994020E-01
 .44081210E-01
 .42651180E-01
 .43525220E-01
 .42124270E-01
 .43780330E-01
 .41668420E-01
 .43185230E-01
 .42255400E-01
 .43776040E-01
 .42997360E-01
 .42784210E-01
 .43211460E-01
 .40920260E-01
 .41718010E-01
 .44282440E-01
 .40672300E-01
 .42554380E-01
 .41659360E-01
 .41083340E-01
 .43726440E-01
 .45231340E-01
 .40741440E-01
 .42249200E-01
 .43330190E-01
 .43550010E-01
 .40015220E-01
 .42152400E-01
 .43132310E-01
 .42303090E-01
 .42941090E-01
 .41624070E-01
 .41175370E-01
 .42752270E-01
 .41756150E-01
 .41083340E-01
 .43478010E-01
 .43170450E-01
 .39855000E-01
 .42432310E-01
 .40584090E-01
 .42155270E-01
 .42708400E-01
 .42959210E-01
 .40829180E-01
 .40493010E-01
 .41898250E-01
 .40376190E-01
 .40935990E-01
 .40681360E-01
 .42422290E-01
 .38903240E-01
 .39842130E-01
 .42752270E-01
 .43522360E-01
 .41901110E-01
 .38764000E-01
 .41190150E-01
 .41086200E-01
 .39657120E-01
 .41473390E-01
 .41894440E-01
 .42918210E-01
 .40075300E-01
 .40210250E-01
 .40961270E-01
 .40518280E-01
 .40263180E-01
 .41272160E-01
 .42406080E-01
 .40735240E-01
 .39893150E-01
 .41382310E-01
 .41212080E-01
 .42146210E-01
 .39198400E-01
 .39462090E-01
 .38796420E-01
 .39855000E-01
 .41146280E-01
 .40185450E-01
 .40241240E-01
 .39559360E-01
 .38318160E-01
 .41081430E-01
 .38202290E-01
 .41583060E-01
 .41342260E-01
 .41825290E-01
 .42334080E-01
 .38648130E-01
 .38620000E-01
 .40694240E-01
 .43478010E-01
 .40511130E-01
 .39691450E-01
 .40053370E-01
 .37313460E-01
 .40713310E-01
 .38045410E-01
 .36449430E-01
 .38931370E-01
 .40386200E-01
 .40113450E-01
 .38177010E-01
 .39981370E-01
 .37869450E-01
 .40389060E-01
 .38243290E-01
 .36301140E-01
 .39600370E-01
 .41539190E-01
 .37514210E-01
 .38585190E-01
 .40163040E-01
 .38884160E-01
 .37253380E-01
 .38642410E-01
 .39541240E-01
 .41127200E-01
 .40665150E-01
 .40496350E-01
 .38896080E-01
 .38503170E-01
 .40238380E-01
 .38868430E-01
 .37847040E-01
 .37565230E-01
 .38125990E-01
 .36314010E-01
 .40213110E-01
 .35858150E-01
 .39139270E-01
 .38941380E-01
 .37237170E-01
 .39041040E-01
 .38385390E-01
 .41596410E-01
 .38594250E-01
 .35710330E-01
 .39572240E-01
 .39741990E-01
 .38008210E-01
 .34978390E-01
 .38322450E-01
 .36295410E-01
 .39255140E-01
 .40465350E-01
 .39324280E-01
 .37954330E-01
 .36995410E-01
 .37309170E-01
 .37718300E-01
 .38356300E-01
 .37190440E-01
 .40053370E-01
 .38042070E-01
 .36741260E-01
 .38815020E-01
 .37555220E-01
 .38167000E-01
 .38334370E-01
 .38017270E-01
 .37561420E-01
 .37916180E-01
 .36342140E-01
 .37200450E-01
 .37341120E-01
 .36923410E-01
 .39148330E-01
 .37706380E-01
 .37313460E-01
 .36920070E-01
 .37793160E-01
 .37385460E-01
 .38513180E-01
 .37558080E-01
 .36700250E-01
 .37332060E-01
 .37678240E-01
 .37194250E-01
 .36590100E-01
 .36609170E-01
 .35918240E-01
 .35186290E-01
 .35933020E-01
 .37901400E-01
 .35192010E-01
 .38142200E-01
 .38145070E-01
 .35858150E-01
 .37793160E-01
 .39173130E-01
 .36267280E-01
 .36200050E-01
 .36756990E-01
 .35280230E-01
 .35663130E-01
 .36178110E-01
 .35672190E-01
 .35088060E-01
 .36031250E-01
 .34513000E-01
 .34620290E-01
 .36109450E-01
 .33860210E-01
 .37398340E-01
 .37448410E-01
 .35773280E-01
 .37036420E-01
 .36640170E-01
 .36103250E-01
 .35566330E-01
 .35641190E-01
 .37511350E-01
 .37947180E-01
 .35789010E-01
 .37904260E-01
 .34953120E-01
 .37353990E-01
 .37565230E-01
 .36062240E-01
 .35324100E-01
 .34623150E-01
 .35682200E-01
 .37194250E-01
 .36638260E-01
 .34796240E-01
 .35729410E-01
 .34302230E-01
 .36279200E-01
 .34261230E-01
 .37024020E-01
 .33816340E-01
 .33087250E-01
 .37209030E-01
 .34611230E-01
 .34363270E-01
 .34765240E-01
 .34426210E-01
 .35214420E-01
 .34312250E-01
 .36791320E-01
 .34290310E-01
 .34328460E-01
 .36084180E-01
 .35446170E-01
 .33539300E-01
 .34318450E-01
 .35629270E-01
 .37492280E-01
 .35462380E-01
 .36307330E-01
 .34758090E-01
 .35270210E-01
 .36750320E-01
 .34984110E-01
 .34133430E-01
 .34642220E-01
 .35899160E-01
 .33605100E-01
 .32983300E-01
 .31808380E-01
 .34504410E-01
 .35444260E-01
 .34249310E-01
 .35594460E-01
 .34435270E-01
 .34626010E-01
 .34630300E-01
 .37291050E-01
 .35475250E-01
 .31936170E-01
 .34774300E-01
 .34906390E-01
 .33171180E-01
 .33039090E-01
 .33853050E-01
 .34356120E-01
 .35641190E-01
 .32769200E-01
 .34098150E-01
 .35475250E-01
 .31701090E-01
 .34859180E-01
 .35896300E-01
 .33756260E-01
 .33668040E-01
 .34541130E-01
 .32839300E-01
 .33087250E-01
 .33501150E-01
 .34658430E-01
 .35952090E-01
 .35566330E-01
 .34312250E-01
 .32455440E-01
 .33602240E-01
 .33517360E-01
 .32260420E-01
 .34915450E-01
 .33225060E-01
 .34170150E-01
 .35431390E-01
 .34460070E-01
 .33250330E-01
 .35274030E-01
 .34328460E-01
 .32680990E-01
 .34246440E-01
 .34620290E-01
 .31930450E-01
 .33426280E-01
 .33938410E-01
 .33134460E-01
 .30045030E-01
 .32624240E-01
 .33219340E-01
 .32841210E-01
 .31673430E-01
 .33039090E-01
 .32405380E-01
 .34246440E-01
 .32885070E-01
 .31113150E-01
 .32549380E-01
 .32317160E-01
 .31431200E-01
 .32285210E-01
 .33197400E-01
 .35315040E-01
 .32207010E-01
 .32310010E-01
 .33592220E-01
 .33115390E-01
 .34243110E-01
 .32034400E-01
 .31428340E-01
 .31126020E-01
 .31839370E-01
 .34193040E-01
 .32691000E-01
 .32122140E-01
 .33482070E-01
 .33879280E-01
 .32732010E-01
 .30407430E-01
 .32128330E-01
 .30799390E-01
 .31424050E-01
 .31619070E-01
 .31365390E-01
 .29888150E-01
 .30988220E-01
 .32065390E-01
 .30749320E-01
 .33514020E-01
 .32820220E-01
 .30834200E-01
 .31585220E-01
 .31538010E-01
 .32732010E-01
 .29683110E-01
 .31695370E-01
 .34824370E-01
 .31915190E-01
 .32471180E-01
 .33439160E-01
 .32449250E-01
 .30730250E-01
 .30453210E-01
 .29637340E-01
 .31490330E-01
 .28289320E-01
 .27490140E-01
 .34476280E-01
 .34325120E-01
 .30419350E-01
 .32980440E-01
 .30777450E-01
 .30586240E-01
 .32763000E-01
 .33759120E-01
 .30937190E-01
 .28873440E-01
 .31739230E-01
 .31896110E-01
 .31415460E-01
 .31833170E-01
 .32952310E-01
 .32015320E-01
 .30900000E-01
 .32025340E-01
 .30086040E-01
 .29753210E-01
 .34567360E-01
 .31940460E-01
 .28415200E-01
 .30114170E-01
 .33030030E-01
 .31233310E-01
 .31814100E-01
 .31667230E-01
 .30821320E-01
 .28606410E-01
 .29024120E-01
 .31324390E-01
 .32389160E-01
 .30010220E-01
 .32549380E-01
 .30491350E-01
 .28769020E-01
 .30934330E-01
 .33734320E-01
 .31270030E-01
 .29413220E-01
 .28725150E-01
 .30953410E-01
 .32006260E-01
 .34136300E-01
 .30743120E-01
 .29316430E-01
 .30400280E-01
 .30457020E-01
 .32725330E-01
 .27553080E-01
 .30853270E-01
 .28044220E-01
 .31390190E-01
 .31767370E-01
 .29985430E-01
 .30453210E-01
 .30702110E-01
 .29451370E-01
 .31123160E-01
 .30683040E-01
 .31486990E-01
 .29413220E-01
 .27820110E-01
 .32619000E-01
 .32760140E-01
 .29080390E-01
 .26611330E-01
 .29014110E-01
 .30064110E-01
 .30482290E-01
 .29372220E-01
 .29448030E-01
 .28697010E-01
 .30259130E-01
 .31553270E-01
 .30541420E-01
 .30133250E-01
 .28879170E-01
 .28581140E-01
 .28415200E-01
 .31041150E-01
 .28304100E-01
 .31330110E-01
 .32116410E-01
 .28100010E-01
 .28628350E-01
 .29407020E-01
 .28751370E-01
 .30325410E-01
 .27371410E-01
 .29800420E-01
 .29806140E-01
 .28703210E-01
 .29388430E-01
 .29904370E-01
 .29633050E-01
 .25140290E-01
 .30759330E-01
 .27955060E-01
 .29071330E-01
 .29489040E-01
 .26812080E-01
 .29721260E-01
 .28939250E-01
 .27764320E-01
 .27792450E-01
 .28090000E-01
 .30457020E-01
 .30378340E-01
 .28942110E-01
 .28885360E-01
 .29878140E-01
 .28838160E-01
 .28895380E-01
 .28782370E-01
 .26639460E-01
 .28078080E-01
 .26450160E-01
 .30102250E-01
 .29737000E-01
 .28785230E-01
 .27493000E-01
 .29928210E-01
 .27817250E-01
 .29813290E-01
 .27873990E-01
 .26366230E-01
 .29014110E-01
 .28496270E-01
 .27641300E-01
 .27170180E-01
 .28584000E-01
 .29382230E-01
 .28213020E-01
 .27377130E-01
 .27820110E-01
 .29184340E-01
 .27346130E-01
 .28267380E-01
 .26337150E-01
 .27063370E-01
 .28772350E-01
 .29605390E-01
 .27025220E-01
 .27720450E-01
 .27145390E-01
 .29247280E-01
 .29222010E-01
 .26698110E-01
 .25501250E-01
 .28684140E-01
 .26809220E-01
 .27974130E-01
 .26667120E-01
 .24550440E-01
 .28210160E-01
 .29262070E-01
 .27006150E-01
 .25775430E-01
 .27066230E-01
 .27050020E-01
 .26287080E-01
 .26696210E-01
 .28559210E-01
 .29247280E-01
 .26721000E-01
 .26246070E-01
 .29272080E-01
 .26696210E-01
 .26503090E-01
 .27883050E-01
 .28116230E-01
 .27141090E-01
 .27035240E-01
 .26460170E-01
 .27227400E-01
 .28518200E-01
 .27079110E-01
 .28797150E-01
 .26714320E-01
 .25011060E-01
 .26887420E-01
 .27597430E-01
 .24942400E-01
 .26673320E-01
 .27641300E-01
 .25354390E-01
 .25319100E-01
 .25668140E-01
 .26972290E-01
 .28977390E-01
 .27192120E-01
 .25178430E-01
 .29256340E-01
 .24873260E-01
 .25872230E-01
 .24998190E-01
 .24474140E-01
 .27409080E-01
 .28159140E-01
 .26089190E-01
 .26698110E-01
 .26639460E-01
 .27079110E-01
 .26183130E-01
 .28241160E-01
 .27299400E-01
 .26017190E-01
 .25561330E-01
 .27377130E-01
 .26928420E-01
 .28445240E-01
 .26818280E-01
 .24782180E-01
 .27936460E-01
 .27073380E-01
 .26463030E-01
 .25417330E-01
 .27827260E-01
 .25658130E-01
 .25111200E-01
 .28063300E-01
 .25778290E-01
 .24021150E-01
 .25778290E-01
 .26708130E-01
 .27314190E-01
 .26177410E-01
 .28282170E-01
 .26048180E-01
 .28147220E-01
 .26312350E-01
 .24697300E-01
 .26507380E-01
 .24068360E-01
 .25369170E-01
 .28549190E-01
 .25712010E-01
 .26328090E-01
 .25061130E-01
 .26796340E-01
 .28159140E-01
 .24678230E-01
 .24622440E-01
 .26196000E-01
 .24750230E-01
 .26029110E-01
 .27195450E-01
 .27314190E-01
 .23902420E-01
 .26771070E-01
 .27066230E-01
 .25715350E-01
 .25190350E-01
 .25461200E-01
 .25998120E-01
 .26029110E-01
 .24175170E-01
 .25347230E-01
 .27321340E-01
 .24600030E-01
 .24458410E-01
 .26325230E-01
 .22799020E-01
 .24991990E-01
 .25985240E-01
 .27305130E-01
 .24647240E-01
 .23349290E-01
 .26331420E-01
 .27323250E-01
 .22538190E-01
 .27632240E-01
 .26023390E-01
 .25420190E-01
 .25998120E-01
 .25124070E-01
 .25454040E-01
 .25794030E-01
 .25002000E-01
 .24421220E-01
 .22243020E-01
 .23921010E-01
 .25822160E-01
 .25756360E-01
 .26884080E-01
 .21605010E-01
 .22610190E-01
 .25495050E-01
 .25844100E-01
 .22334100E-01
 .24970050E-01
 .25549410E-01
 .23632050E-01
 .27475360E-01
 .24414060E-01
 .22240160E-01
 .23716450E-01
 .25463100E-01
 .24263380E-01
 .27406220E-01
 .23754120E-01
 .23286340E-01
 .23487090E-01
 .27512070E-01
 .24641040E-01
 .25102140E-01
 .25831220E-01
 .22890090E-01
 .24527070E-01
 .22959230E-01
 .26563170E-01
 .26328090E-01
 .21945000E-01
 .23016450E-01
 .23173330E-01
 .24317260E-01
 .23716450E-01
 .24225230E-01
 .22378440E-01
 .25222300E-01
 .24606230E-01
 .24534230E-01
 .24763110E-01
 .23368360E-01
 .21149160E-01
 .25008200E-01
 .23340230E-01
 .24873260E-01
 .23097990E-01
 .25244240E-01
 .24153230E-01
 .24087430E-01
 .24791240E-01
 .23946290E-01
 .24590020E-01
 .25256160E-01
 .24452210E-01
 .24185180E-01
 .21818160E-01
 .22183420E-01
 .23830410E-01
 .24606230E-01
 .23053170E-01
 .23745060E-01
 .24445060E-01
 .25291440E-01
 .23726460E-01
 .22827150E-01
 .23220060E-01
 .24738310E-01
 .25124070E-01
 .26830200E-01
 .25033000E-01
 .24622440E-01
 .24518010E-01
 .22837160E-01
 .21831040E-01
 .22456170E-01
 .23908140E-01
 .21391390E-01
 .23977280E-01
 .26124000E-01
 .24729250E-01
 .22218230E-01
 .23330210E-01
 .22853370E-01
 .24914260E-01
 .23880000E-01
 .21517280E-01
 .24861340E-01
 .23984430E-01
 .23211000E-01
 .24662020E-01
 .25090220E-01
 .22504330E-01
 .23679260E-01
 .21756170E-01
 .22812370E-01
 .20345210E-01
 .21724220E-01
 .24363990E-01
 .25485990E-01
 .22441390E-01
 .22221090E-01
 .23896220E-01
 .22506240E-01
 .22136210E-01
 .25489330E-01
 .23031230E-01
 .24367330E-01
 .21929260E-01
 .23359300E-01
 .24172310E-01
 .22328380E-01
 .23797990E-01
 .24861340E-01
 .21900180E-01
 .21668430E-01
 .22488120E-01
 .21869180E-01
 .24037360E-01
 .22818090E-01
 .22218230E-01
 .21722320E-01
 .21762370E-01
 .22174360E-01
 .20138260E-01
 .23453240E-01
 .21247390E-01
 .21370410E-01
 .21316050E-01
 .20307060E-01
 .23739340E-01
 .22881030E-01
 .21429060E-01
 .22290230E-01
 .24851320E-01
 .23474220E-01
 .21058080E-01
 .22180080E-01
 .22649290E-01
 .21303180E-01
 .19632340E-01
 .20018100E-01
 .23239140E-01
 .22447110E-01
 .20078180E-01
 .22456170E-01
 .24996280E-01
 .24851320E-01
 .23469450E-01
 .21052360E-01
 .21152020E-01
 .20996090E-01
 .23258210E-01
 .21640300E-01
 .20766260E-01
 .23035050E-01
 .24163250E-01
 .24210450E-01
 .23494240E-01
 .20021440E-01
 .21643160E-01
 .21910190E-01
 .20932200E-01
 .19688130E-01
 .24531360E-01
 .22343160E-01
 .23051260E-01
 .22337440E-01
 .22469040E-01
 .21284100E-01
 .22328380E-01
 .19710060E-01
 .23390290E-01
 .24314400E-01
 .20713330E-01
 .17825130E-01
 .21197320E-01
 .24100300E-01
 .24735450E-01
 .20172120E-01
 .19161220E-01
 .22130010E-01
 .19953250E-01
 .22051330E-01
 .22815230E-01
 .20537380E-01
 .21181110E-01
 .23582460E-01
 .20628450E-01
 .21250250E-01
 .21200180E-01
 .21439080E-01
 .20700450E-01
 .21388050E-01
 .20967010E-01
 .20203110E-01
 .21200180E-01
 .22472380E-01
 .21166320E-01
 .19764420E-01
 .19252300E-01
 .20725250E-01
 .23189070E-01
 .21127220E-01
 .20339010E-01
 .23434160E-01
 .20273210E-01
 .21574020E-01
 .21787170E-01
 .21558280E-01
 .23044110E-01
 .20015240E-01
 .21715160E-01
 .19714360E-01
 .22048000E-01
 .23082260E-01
 .21420000E-01
 .20314220E-01
 .21941180E-01
 .22592070E-01
 .20826340E-01
 .20524020E-01
 .20203110E-01
 .21718030E-01
 .17967220E-01
 .21445270E-01
 .20480160E-01
 .19406320E-01
 .20317080E-01
 .22626400E-01
 .20537380E-01
 .19720080E-01
 .20198350E-01
 .22249220E-01
 .22601130E-01
 .22755150E-01
 .23528100E-01
 .20697120E-01
 .21555420E-01
 .20741460E-01
 .21115300E-01
 .22393230E-01
 .20983220E-01
 .20559310E-01
 .18620010E-01
 .22567270E-01
 .21523000E-01
 .17718320E-01
 .20207410E-01
 .22006990E-01
 .18900390E-01
 .19110200E-01
 .20684240E-01
 .21416190E-01
 .23912430E-01
 .19890310E-01
 .19566060E-01
 .21960260E-01
 .19478320E-01
 .16914370E-01
 .19770150E-01
 .20348070E-01
 .20376210E-01
 .17878060E-01
 .19767280E-01
 .17526150E-01
 .21407130E-01
 .19899370E-01
 .20021440E-01
 .21574020E-01
 .21960260E-01
 .21966460E-01
 .21621230E-01
 .19381050E-01
 .21401410E-01
 .20587440E-01
 .18338200E-01
 .20455360E-01
 .21303180E-01
 .19638060E-01
 .18815040E-01
 .22705080E-01
 .21655080E-01
 .18164160E-01
 .18271450E-01
 .21649360E-01
 .20166400E-01
 .18293380E-01
 .21275040E-01
 .20248410E-01
 .20342350E-01
 .19421100E-01
 .21027090E-01
 .19226070E-01
 .19189360E-01
 .22083280E-01
 .19692420E-01
 .19365310E-01
 .21234040E-01
 .20464420E-01
 .18432140E-01
 .19085410E-01
 .20932200E-01
 .19431110E-01
 .22078990E-01
 .20273210E-01
 .20650390E-01
 .19770150E-01
 .19440170E-01
 .20609380E-01
 .18190380E-01
 .20222190E-01
 .19311430E-01
 .19434450E-01
 .22042270E-01
 .23110390E-01
 .17988200E-01
 .18752100E-01
 .20150180E-01
 .20292280E-01
 .20339010E-01
 .18145080E-01
 .19028190E-01
 .23333070E-01
 .18897060E-01
 .19173150E-01
 .21162030E-01
 .20980360E-01
 .17451290E-01
 .19098280E-01
 .19412040E-01
 .19999030E-01
 .15874390E-01
 .17307280E-01
 .18724440E-01
 .20955090E-01
 .18837450E-01
 .17796990E-01
 .19638060E-01
 .20518300E-01
 .20487310E-01
 .17866130E-01
 .19063000E-01
 .20515440E-01
 .18837450E-01
 .16744140E-01
 .18664360E-01
 .18752100E-01
 .20097260E-01
 .18988130E-01
 .18796440E-01
 .18802170E-01
 .17394070E-01
 .19484040E-01
 .18158440E-01
 .19908430E-01
 .20455360E-01
 .17536160E-01
 .17080310E-01
 .21762370E-01
 .14268400E-01
 .17526150E-01
 .19245150E-01
 .19990440E-01
 .16936300E-01
 .18859390E-01
 .19490240E-01
 .20244120E-01
 .16961100E-01
 .19487380E-01
 .18749240E-01
 .16289230E-01
 .17677310E-01
 .17322060E-01
 .20483020E-01
 .21011350E-01
 .16267300E-01
 .18626210E-01
 .21888260E-01
 .16816140E-01
 .18743040E-01
 .21093370E-01
 .16684060E-01
 .20521160E-01
 .17464160E-01
 .18510340E-01
 .20109180E-01
 .18199440E-01
 .16260150E-01
 .18234250E-01
 .19402030E-01
 .19176010E-01
 .19245150E-01
 .17526150E-01
 .17973420E-01
 .17404080E-01
 .16901020E-01
 .19805430E-01
 .19349100E-01
 .18064020E-01
 .19701000E-01
 .18965240E-01
 .17027380E-01
 .17291070E-01
 .16417030E-01
 .18601420E-01
 .17332080E-01
 .16732220E-01
 .18108370E-01
 .15192030E-01
 .17420290E-01
 .16801360E-01
 .17203330E-01
 .18950460E-01
 .16760350E-01
 .18281460E-01
 .18523220E-01
 .17332080E-01
 .18092160E-01
 .17859460E-01
 .20766260E-01
 .17598150E-01
 .17398360E-01
 .18790250E-01
 .15805240E-01
 .17882350E-01
 .16332150E-01
 .17325400E-01
 .17577170E-01
 .18670080E-01
 .17530440E-01
 .17502310E-01
 .16445160E-01
 .16081330E-01
 .15846250E-01
 .15905380E-01
 .18585210E-01
 .17668250E-01
 .17869000E-01
 .17310140E-01
 .16810420E-01
 .16222000E-01
 .17370220E-01
 .18073080E-01
 .18479350E-01
 .17178060E-01
 .18211360E-01
 .15258310E-01
 .16232010E-01
 .17174240E-01
 .16251090E-01
 .16336440E-01
 .18846040E-01
 .17539020E-01
 .15522000E-01
 .19695280E-01
 .18749240E-01
 .18400190E-01
 .16647340E-01
 .16251090E-01
 .18453120E-01
 .16002180E-01
 .17948150E-01
 .15497210E-01
 .15075210E-01
 .19531250E-01
 .21090030E-01
 .18391130E-01
 .15811440E-01
 .15481000E-01
 .16556260E-01
 .18837450E-01
 .16483310E-01
 .18114090E-01
 .15136240E-01
 .17335410E-01
 .16248230E-01
 .16131400E-01
 .16838070E-01
 .16144280E-01
 .16577240E-01
 .21068100E-01
 .15277390E-01
 .15663150E-01
 .17206190E-01
 .15139100E-01
 .17963410E-01
 .15450000E-01
 .16955380E-01
 .13998030E-01
 .17454150E-01
 .19912240E-01
 .15044210E-01
 .17464160E-01
 .16574380E-01
 .16050340E-01
 .15160080E-01
 .18114090E-01
 .18375400E-01
 .17222400E-01
 .16156200E-01
 .18674370E-01
 .15604020E-01
 .16606330E-01
 .16829010E-01
 .18811230E-01
 .17684460E-01
 .17756460E-01
 .17866130E-01
 .16625400E-01
 .17281060E-01
 .16835210E-01
 .14988420E-01
 .16713140E-01
 .15773300E-01
 .13907430E-01
 .18186090E-01
 .18023010E-01
 .17382140E-01
 .16701220E-01
 .16867160E-01
 .16974450E-01
 .16929150E-01
 .15324120E-01
 .16782280E-01
 .16512390E-01
 .17068390E-01
 .18048290E-01
 .15672210E-01
 .15503410E-01
 .16222000E-01
 .16414170E-01
 .16036990E-01
 .17741200E-01
 .15575410E-01
 .19484040E-01
 .16452310E-01
 .17037390E-01
 .16238210E-01
 .16270160E-01
 .16172410E-01
 .15676020E-01
 .16040330E-01
 .17096040E-01
 .16361240E-01
 .16816140E-01
 .14300350E-01
 .14962200E-01
 .15355110E-01
 .17159460E-01
 .15346050E-01
 .16295430E-01
 .17257210E-01
 .16028400E-01
 .15408990E-01
 .13901230E-01
 .16637330E-01
 .16443250E-01
 .15063290E-01
 .18629070E-01
 .15170100E-01
 .14158250E-01
 .16980170E-01
 .15996460E-01
 .18516060E-01
 .16373160E-01
 .13037200E-01
 .14595030E-01
 .16009330E-01
 .17335410E-01
 .15252110E-01
 .18472190E-01
 .14878270E-01
 .14365200E-01
 .14761450E-01
 .17665390E-01
 .13778210E-01
 .16317370E-01
 .16336440E-01
 .14842990E-01
 .15098090E-01
 .17037390E-01
 .15450000E-01
 .14127250E-01
 .13394360E-01
 .13143060E-01
 .16458030E-01
 .17756460E-01
 .12952330E-01
 .15770440E-01
 .16964440E-01
 .14453410E-01
 .16050340E-01
 .16653060E-01
 .15359400E-01
 .18073080E-01
 .17416000E-01
 .13219360E-01
 .14432430E-01
 .16945360E-01
 .14670370E-01
 .16395090E-01
 .15377040E-01
 .13545040E-01
 .16273020E-01
 .16920090E-01
 .17105100E-01
 .15563010E-01
 .15336040E-01
 .14771460E-01
 .15961170E-01
 .15302180E-01
 .14916420E-01
 .15877250E-01
 .14966010E-01
 .14152050E-01
 .14865400E-01
 .15968320E-01
 .12531280E-01
 .17137050E-01
 .14130120E-01
 .16773220E-01
 .15870090E-01
 .14956000E-01
 .14067170E-01
 .15776160E-01
 .16373160E-01
 .14255050E-01
 .14020440E-01
 .15704150E-01
 .15048030E-01
 .13825420E-01
 .16031270E-01
 .16609190E-01
 .15048030E-01
 .14680390E-01
 .15500070E-01
 .16857150E-01
 .16521450E-01
 .14252190E-01
 .16012190E-01
 .14271260E-01
 .15073300E-01
 .15956400E-01
 .14092450E-01
 .16399380E-01
 .15711310E-01
 .15839100E-01
 .13822080E-01
 .15132430E-01
 .15946390E-01
 .14096260E-01
 .14702320E-01
 .16056060E-01
 .15569210E-01
 .15198230E-01
 .13354300E-01
 .14529230E-01
 .16213420E-01
 .13835430E-01
 .14083390E-01
 .14830110E-01
 .14453410E-01
 .14070030E-01
 .15720370E-01
 .17360210E-01
 .12911320E-01
 .13929370E-01
 .15311240E-01
 .15924450E-01
 .13549330E-01
 .14573100E-01
 .14466290E-01
 .13913150E-01
 .13649460E-01
 .15157220E-01
 .15836240E-01
 .15195370E-01
 .13039110E-01
 .13687130E-01
 .15333180E-01
 .13957020E-01
 .14956000E-01
 .11695380E-01
 .17602440E-01
 .16792300E-01
 .14984130E-01
 .14098170E-01
 .16213420E-01
 .14199260E-01
 .13992310E-01
 .16436100E-01
 .15736100E-01
 .14319420E-01
 .16816140E-01
 .14413360E-01
 .14199260E-01
 .16662120E-01
 .12572290E-01
 .13809200E-01
 .13020990E-01
 .16069410E-01
 .16204360E-01
 .15249250E-01
 .11616230E-01
 .13674260E-01
 .16326430E-01
 .14890190E-01
 .14161110E-01
 .13960360E-01
 .17005440E-01
 .13677120E-01
 .14494420E-01
 .15013220E-01
 .16251090E-01
 .15327450E-01
 .14642240E-01
 .16996380E-01
 .12741090E-01
 .13265130E-01
 .13410090E-01
 .14039040E-01
 .13768200E-01
 .13847350E-01
 .12800220E-01
 .13486390E-01
 .15701290E-01
 .14080050E-01
 .14523030E-01
 .12006280E-01
 .11500360E-01
 .14705180E-01
 .16185280E-01
 .13794420E-01
 .12650010E-01
 .12609000E-01
 .13269420E-01
 .12182240E-01
 .13922210E-01
 .15952110E-01
 .14589310E-01
 .15990260E-01
 .15013220E-01
 .12895110E-01
 .13812070E-01
 .11814120E-01
 .12537000E-01
 .13954160E-01
 .13894080E-01
 .14953140E-01
 .14645100E-01
 .15371320E-01
 .15748020E-01
 .15110020E-01
 .12342450E-01
 .12128350E-01
 .12106420E-01
 .13916020E-01
 .14149190E-01
 .14419080E-01
 .15927310E-01
 .14211180E-01
 .14300350E-01
 .12634280E-01
 .15136240E-01
 .14724250E-01
 .12203220E-01
 .13423440E-01
 .13152120E-01
 .13222220E-01
 .12798310E-01
 .11924270E-01
 .15126230E-01
 .15157220E-01
 .14557360E-01
 .14686110E-01
 .13960360E-01
 .94294550E-02
 .14177320E-01
 .14400010E-01
 .15531060E-01
 .12983320E-01
 .12681010E-01
 .13592240E-01
 .16012190E-01
 .14614110E-01
 .12672420E-01
 .12543200E-01
 .11701110E-01
 .15896320E-01
 .14152050E-01
 .13954160E-01
 .14532090E-01
 .13731000E-01
 .11428360E-01
 .13338090E-01
 .13634200E-01
 .14437200E-01
 .11905190E-01
 .15450000E-01
 .11635300E-01
 .12965200E-01
 .13102050E-01
 .13152120E-01
 .10579110E-01
 .13197420E-01
 .13435360E-01
 .14035220E-01
 .11704440E-01
 .12379170E-01
 .14114380E-01
 .15151020E-01
 .12201310E-01
 .15848160E-01
 .10161400E-01
 .12009140E-01
 .13056280E-01
 .12731080E-01
 .13486390E-01
 .12716290E-01
 .12436390E-01
 .13744350E-01
 .13759140E-01
 .12509350E-01
 .11613370E-01
 .12526990E-01
 .13451100E-01
 .12936120E-01
 .13363360E-01
 .12904170E-01
 .11308190E-01
 .10957240E-01
 .15069010E-01
 .10309220E-01
 .12795450E-01
 .15698430E-01
 .13558390E-01
 .86064340E-02
 .13077260E-01
 .13718130E-01
 .97370150E-02
 .12354370E-01
 .11129380E-01
 .12556080E-01
 .14067170E-01
 .15299320E-01
 .10504250E-01
 .99720950E-02
 .12502190E-01
 .13653280E-01
 .13803010E-01
 .13954160E-01
 .13963220E-01
 .10268210E-01
 .12917040E-01
 .12461190E-01
 .13099190E-01
 .12411120E-01
 .11079310E-01
 .12203220E-01
 .13068200E-01
 .16496180E-01
 .13197420E-01
 .11924270E-01
 .11544230E-01
 .11873250E-01
 .11952400E-01
 .13781070E-01
 .14111040E-01
 .11704440E-01
 .11843200E-01
 .12053010E-01
 .12644290E-01
 .10824200E-01
 .12644290E-01
 .12345310E-01
 .12675290E-01
 .13451100E-01
 .11280060E-01
 .10309220E-01
 .15101430E-01
 .13174060E-01
 .12785430E-01
 .12795450E-01
 .11091230E-01
 .12452130E-01
 .11975290E-01
 .12540340E-01
 .13354300E-01
 .14441010E-01
 .11101250E-01
 .12125020E-01
 .11654380E-01
 .14994140E-01
 .13872150E-01
 .12986180E-01
 .14708040E-01
 .11896130E-01
 .12336250E-01
 .14378070E-01
 .13329030E-01
 .11645320E-01
 .14447210E-01
 .12414460E-01
 .12251380E-01
 .10777000E-01
 .12634280E-01
 .13228420E-01
 .13065340E-01
 .14410020E-01
 .11330130E-01
 .12285230E-01
 .11286260E-01
 .13831140E-01
 .12351040E-01
 .13297080E-01
 .10293010E-01
 .11404990E-01
 .12556080E-01
 .13332370E-01
 .10629180E-01
 .11072160E-01
 .11135100E-01
 .11475090E-01
 .10127070E-01
 .12637140E-01
 .11446000E-01
 .10959150E-01
 .10727410E-01
 .11871340E-01
 .11000160E-01
 .13347150E-01
 .11578080E-01
 .98543170E-02
 .12738230E-01
 .13284210E-01
 .11861320E-01
 .13994220E-01
 .11619090E-01
 .12112140E-01
 .12505050E-01
 .10453220E-01
 .12515070E-01
 .12832160E-01
 .11999130E-01
 .11707310E-01
 .12644290E-01
 .11478420E-01
 .13241290E-01
 .98781590E-02
 .13046260E-01
 .12298110E-01
 .13706210E-01
 .94923970E-02
 .10614400E-01
 .12157440E-01
 .10117050E-01
 .12015340E-01
 .93293190E-02
 .13850210E-01
 .11346340E-01
 .11229990E-01
 .12034420E-01
 .11679170E-01
 .11550430E-01
 .11591430E-01
 .10846140E-01
 .11676310E-01
 .12433050E-01
 .14642240E-01
 .10488030E-01
 .95419880E-02
 .10369300E-01
 .12901310E-01
 .13061050E-01
 .12678150E-01
 .96201900E-02
 .15280250E-01
 .11541370E-01
 .10287280E-01
 .11949060E-01
 .10692120E-01
 .10271070E-01
 .12572290E-01
 .12954240E-01
 .10704990E-01
 .11271000E-01
 .11719230E-01
 .13037200E-01
 .10557170E-01
 .98414420E-02
 .10048390E-01
 .10604380E-01
 .12675290E-01
 .13935090E-01
 .11085030E-01
 .89321140E-02
 .10919090E-01
 .10576250E-01
 .13329030E-01
 .11298180E-01
 .12848380E-01
 .11808400E-01
 .11984350E-01
 .98943710E-02
 .10585310E-01
 .11641030E-01
 .10369300E-01
 .11975290E-01
 .10771270E-01
 .12270450E-01
 .12398240E-01
 .11443140E-01
 .12999060E-01
 .11120320E-01
 .90184210E-02
 .93760490E-02
 .11898990E-01
 .12713430E-01
 .10601040E-01
 .10360240E-01
 .11795040E-01
 .12788300E-01
 .10620120E-01
 .14130120E-01
 .14035220E-01
 .11424060E-01
 .13123990E-01
 .12043000E-01
 .76160430E-02
 .99101070E-02
 .13442040E-01
 .10651110E-01
 .87542530E-02
 .93631740E-02
 .10451320E-01
 .11286260E-01
 .94571110E-02
 .11503220E-01
 .97751620E-02
 .95829960E-02
 .13768200E-01
 .11365410E-01
 .10375020E-01
 .10410310E-01
 .11239050E-01
 .10124210E-01
 .11588100E-01
 .12163160E-01
 .11318210E-01
 .10042190E-01
 .13787270E-01
 .10919090E-01
 .99353790E-02
 .10523320E-01
 .10328290E-01
 .10827060E-01
 .11207100E-01
 .97651480E-02
 .12207030E-01
 .10296340E-01
 .93760490E-02
 .10721210E-01
 .12301450E-01
 .76570510E-02
 .89321140E-02
 .11921410E-01
 .13954160E-01
 .93321800E-02
 .97184180E-02
 .10177140E-01
 .10696410E-01
 .11446000E-01
 .10475160E-01
 .94513890E-02
 .10035990E-01
 .10592460E-01
 .11773110E-01
 .12904170E-01
 .10827060E-01
 .11135100E-01
 .97532270E-02
 .67710880E-02
 .95930100E-02
 .11946200E-01
 .96774100E-02
 .11654380E-01
 .10660170E-01
 .93412400E-02
 .10064130E-01
 .10576250E-01
 .11132240E-01
 .86002350E-02
 .10224340E-01
 .96302030E-02
 .90961460E-02
 .11235240E-01
 .10742190E-01
 .12920380E-01
 .96611980E-02
 .11481290E-01
 .10287280E-01
 .67243580E-02
 .10868070E-01
 .98590850E-02
 .78010560E-02
 .11453150E-01
 .12091160E-01
 .10271070E-01
 .11484150E-01
 .10959150E-01
 .68902970E-02
 .99630360E-02
 .11267190E-01
 .11628150E-01
 .10925290E-01
 .10447030E-01
 .10733130E-01
 .10008340E-01
 .96402170E-02
 .93793870E-02
 .12625220E-01
 .10224340E-01
 .12675290E-01
 .98781590E-02
 .92663760E-02
 .70471760E-02
 .97370150E-02
 .12298110E-01
 .90084080E-02
 .97680090E-02
 .10256290E-01
 .99573140E-02
 .10771270E-01
 .82821850E-02
 .12034420E-01
 .10475160E-01
 .94070430E-02
 .10343070E-01
 .91400150E-02
 .10023120E-01
 .12672420E-01
 .87471010E-02
 .10790350E-01
 .11012080E-01
 .84362030E-02
 .12716290E-01
 .11063100E-01
 .10812280E-01
 .96430780E-02
 .93383790E-02
 .95829960E-02
 .10190010E-01
 .10592460E-01
 .95963480E-02
 .83141330E-02
 .12254240E-01
 .98414420E-02
 .98032950E-02
 .96402170E-02
 .11707310E-01
 .89674000E-02
 .11393070E-01
 .94790460E-02
 .97222330E-02
 .10117050E-01
 .96302030E-02
 .94790460E-02
 .10312080E-01
 .12021060E-01
 .67334180E-02
 .77791210E-02
 .12672420E-01
 .10554310E-01
 .10547160E-01
 .12810230E-01
 .65383910E-02
 .10959150E-01
 .11007310E-01
 .10306360E-01
 .11638160E-01
 .87094310E-02
 .86660390E-02
 .97370150E-02
 .10306360E-01
 .95109940E-02
 .11849400E-01
 .66890720E-02
 .88920590E-02
 .93822480E-02
 .11798380E-01
 .11016370E-01
 .10632990E-01
 .10793210E-01
 .10252000E-01
 .82511900E-02
 .87633130E-02
 .11123180E-01
 .95891950E-02
 .10133270E-01
 .11132240E-01
 .96611980E-02
 .10704990E-01
 .95930100E-02
 .98061560E-02
 .11572360E-01
 .81033710E-02
 .72550770E-02
 .13171200E-01
 .13250350E-01
 .12040140E-01
 .10082240E-01
 .11365410E-01
 .88043210E-02
 .85964200E-02
 .95891950E-02
 .12197020E-01
 .94542500E-02
 .11826990E-01
 .10774140E-01
 .10953430E-01
 .97870830E-02
 .93102460E-02
 .11258130E-01
 .71702000E-02
 .86250310E-02
 .11189460E-01
 .98500250E-02
 .11144160E-01
 .87223050E-02
 .74400900E-02
 .78964230E-02
 .10853290E-01
 .78639980E-02
 .10871410E-01
 .10576250E-01
 .11940000E-01
 .10165210E-01
 .76694490E-02
 .86002350E-02
 .97060200E-02
 .97470280E-02
 .72951320E-02
 .10023120E-01
 .86622240E-02
 .10048390E-01
 .88100430E-02
 .79302790E-02
 .77390670E-02
 .87251660E-02
 .74620250E-02
 .99630360E-02
 .73771480E-02
 .10268210E-01
 .12009140E-01
 .70381160E-02
 .70791240E-02
 .11220460E-01
 .10642050E-01
 .94041820E-02
 .83761220E-02
 .92062950E-02
 .81753730E-02
 .11977200E-01
 .10117050E-01
 .78463550E-02
 .11088370E-01
 .10969160E-01
 .11682030E-01
 .75941090E-02
 .73122980E-02
 .96931460E-02
 .10768410E-01
 .10460380E-01
 .10391240E-01
 .78201290E-02
 .85873600E-02
 .11273380E-01
 .91533660E-02
 .71392060E-02
 .93851090E-02
 .73122980E-02
 .87132450E-02
 .87342260E-02
 .10312080E-01
 .92310910E-02
 .10645390E-01
 .95582010E-02
 .10013100E-01
 .11019230E-01
 .95419880E-02
 .89230540E-02
 .82292560E-02
 .10701180E-01
 .12795450E-01
 .80094340E-02
 .63843730E-02
 .11239050E-01
 .98853110E-02
 .97780230E-02
 .89921950E-02
 .12851240E-01
 .71854590E-02
 .63004490E-02
 .10651110E-01
 .87881090E-02
 .92720990E-02
 .84834100E-02
 .90713500E-02
 .90494160E-02
 .94451900E-02
 .10365010E-01
 .92663760E-02
 .83451270E-02
 .54101940E-02
 .83832740E-02
 .87094310E-02
 .99573140E-02
 .83231930E-02
 .99072460E-02
 .97751620E-02
 .99573140E-02
 .94041820E-02
 .87752340E-02
 .72803500E-02
 .92630390E-02
 .99983220E-02
 .90432170E-02
 .73623660E-02
 .97494130E-02
 .92663760E-02
 .88510510E-02
 .73623660E-02
 .71043970E-02
 .10674000E-01
 .11031150E-01
 .79593660E-02
 .12672420E-01
 .75311660E-02
 .89674000E-02
 .10969160E-01
 .77424050E-02
 .62742230E-02
 .12477400E-01
 .10130410E-01
 .58660510E-02
 .93383790E-02
 .10768410E-01
 .85783000E-02
 .89921950E-02
 .10199070E-01
 .95829960E-02
 .89921950E-02
 .83012580E-02
 .82540510E-02
 .84872250E-02
 .76541900E-02
 .96683500E-02
 .10840420E-01
 .98881720E-02
 .77600480E-02
 .11053090E-01
 .85520740E-02
 .75473790E-02
 .61421390E-02
 .10299210E-01
 .82440380E-02
 .10865210E-01
 .91400150E-02
 .91023450E-02
 .81753730E-02
 .90084080E-02
 .83570480E-02
 .10557170E-01
 .67110060E-02
 .70633890E-02
 .66070560E-02
 .90494160E-02
 .10360240E-01
 .77733990E-02
 .60319900E-02
 .96082690E-02
 .10460380E-01
 .11443140E-01
 .79712870E-02
 .48160550E-02
 .10233400E-01
 .80313680E-02
 .92344280E-02
 .10356430E-01
 .81853870E-02
 .93202590E-02
 .87380410E-02
 .74462890E-02
 .91314320E-02
 .89511870E-02
 .86941720E-02
 .93512540E-02
 .79813000E-02
 .77233310E-02
 .68874360E-02
 .11845110E-01
 .11522290E-01
 .59633260E-02
 .77104570E-02
 .11387350E-01
 .79903600E-02
 .89802740E-02
 .79622270E-02
 .88863370E-02
 .69561000E-02
 .79460140E-02
 .10614400E-01
 .92720990E-02
 .67653660E-02
 .11811260E-01
 .86913110E-02
 .66242220E-02
 .80752370E-02
 .83923340E-02
 .73714260E-02
 .87823870E-02
 .99983220E-02
 .76513290E-02
 .86412430E-02
 .79374310E-02
 .80533030E-02
 .81534390E-02
 .92792510E-02
 .86531640E-02
 .11173250E-01
 .83422660E-02
 .74152950E-02
 .90184210E-02
 .76980590E-02
 .78992840E-02
 .76441760E-02
 .79493520E-02
 .10451320E-01
 .84671970E-02
 .83613400E-02
 .89201930E-02
 .70910450E-02
 .86431500E-02
 .84991460E-02
 .81982610E-02
 .55432320E-02
 .87094310E-02
 .80213550E-02
 .89139940E-02
 .80914500E-02
 .64539910E-02
 .99630360E-02
 .80914500E-02
 .89139940E-02
 .90804100E-02
 .72112080E-02
 .80180170E-02
 .82702640E-02
 .96111300E-02
 .94614030E-02
 .66142080E-02
 .78682900E-02
 .58941840E-02
 .88362690E-02
 .65860750E-02
 .91934200E-02
 .69751740E-02
 .68340300E-02
 .77953340E-02
 .86750980E-02
 .10208130E-01
 .91772080E-02
 .76031680E-02
 .78873630E-02
 .78201290E-02
 .96430780E-02
 .81310270E-02
 .76923370E-02
 .98352430E-02
 .60920720E-02
 .71673390E-02
 .77862740E-02
 .70633890E-02
 .59003830E-02
 .76441760E-02
 .88324550E-02
 .63810350E-02
 .46691890E-02
 .72422030E-02
 .94041820E-02
 .81443790E-02
 .68473820E-02
 .63652990E-02
 .57311060E-02
 .97870830E-02
 .72903630E-02
 .84962840E-02
 .84934230E-02
 .92563630E-02
 .73580740E-02
 .76923370E-02
 .78392030E-02
 .46901700E-02
 .67243580E-02
 .98910330E-02
 .67172050E-02
 .94671250E-02
 .76260570E-02
 .80051420E-02
 .72140690E-02
 .69751740E-02
 .75693130E-02
 .77862740E-02
 .79870220E-02
 .76441760E-02
 .10397430E-01
 .82764630E-02
 .74973110E-02
 .66580770E-02
 .80723760E-02
 .84710120E-02
 .74844360E-02
 .62460900E-02
 .71229930E-02
 .11880400E-01
 .57373050E-02
 .52723880E-02
 .79741480E-02
 .88920590E-02
 .59103970E-02
 .68092350E-02
 .94294550E-02
 .79960820E-02
 .61330800E-02
 .85754390E-02
 .86283680E-02
 .79741480E-02
 .83422660E-02
 .55112840E-02
 .81534390E-02
 .91652870E-02
 .61202050E-02
 .10133270E-01
 .56800840E-02
 .70190430E-02
 .93851090E-02
 .71454050E-02
 .86340900E-02
 .95419880E-02
 .54292680E-02
 .87094310E-02
 .80814360E-02
 .68492890E-02
 .92034340E-02
 .59881210E-02
 .74810980E-02
 .10067460E-01
 .81944470E-02
 .75631140E-02
 .70881840E-02
 .72522160E-02
 .82392690E-02
 .81853870E-02
 .88481900E-02
 .74563030E-02
 .49800870E-02
 .80461500E-02
 .73142050E-02
 .81753730E-02
 .85372920E-02
 .87342260E-02
 .62742230E-02
 .47283170E-02
 .76642040E-02
 .87094310E-02
 .67801480E-02
 .49581530E-02
 .89950560E-02
 .59952740E-02
 .64091680E-02
 .80914500E-02
 .90403560E-02
 .67391400E-02
 .68564410E-02
 .59480670E-02
 .93541150E-02
 .89302060E-02
 .67172050E-02
 .65073970E-02
 .79331400E-02
 .87604520E-02
 .64721110E-02
 .65102580E-02
 .58603290E-02
 .50020220E-02
 .61492920E-02
 .55933000E-02
 .70104600E-02
 .77919960E-02
 .69561000E-02
 .64282420E-02
 .97751620E-02
 .68650250E-02
 .46153070E-02
 .70791240E-02
 .88000300E-02
 .70323940E-02
 .70724490E-02
 .74844360E-02
 .80442430E-02
 .70033070E-02
 .61712270E-02
 .65512660E-02
 .58794020E-02
 .82731250E-02
 .74343680E-02
 .74591640E-02
 .41379930E-02
 .44860840E-02
 .87251660E-02
 .85682870E-02
 .51312450E-02
 .44393540E-02
 .83351140E-02
 .59752460E-02
 .72584150E-02
 .57840350E-02
 .68564410E-02
 .78511240E-02
 .62551500E-02
 .51913260E-02
 .62742230E-02
 .66041950E-02
 .35662650E-02
 .93793870E-02
 .78492160E-02
 .59070590E-02
 .69842340E-02
 .77733990E-02
 .59323310E-02
 .58622360E-02
 .44832230E-02
 .75163840E-02
 .82044600E-02
 .66361430E-02
 .59952740E-02
 .59380530E-02
 .55303570E-02
 .62022210E-02
 .67930220E-02
 .54759980E-02
 .48203470E-02
 .57663920E-02
 .75664520E-02
 .63943860E-02
 .65202710E-02
 .70443150E-02
 .68621640E-02
 .63810350E-02
 .61402320E-02
 .55890080E-02
 .78701970E-02
 .49862860E-02
 .77104570E-02
 .11091230E-01
 .74372290E-02
 .67772870E-02
 .54759980E-02
 .73490140E-02
 .76441760E-02
 .84872250E-02
 .88763240E-02
 .65259930E-02
 .79932210E-02
 .75850490E-02
 .64501760E-02
 .72011950E-02
 .45270920E-02
 .70133210E-02
 .98910330E-02
 .69313050E-02
 .40154460E-02
 .66204070E-02
 .80780980E-02
 .35691260E-02
 .45433040E-02
 .94261170E-02
 .74400900E-02
 .70853230E-02
 .80180170E-02
 .64191820E-02
 .65040590E-02
 .71802140E-02
 .31762120E-02
 .61740880E-02
 .57120320E-02
 .83951950E-02
 .59542660E-02
 .45843120E-02
 .65484050E-02
 .53062440E-02
 .63972470E-02
 .61082840E-02
 .83670620E-02
 .44832230E-02
 .54893490E-02
 .78554150E-02
 .76470380E-02
 .76384540E-02
 .45051570E-02
 .72550770E-02
 .59823990E-02
 .62141420E-02
 .82230570E-02
 .61860080E-02
 .52971840E-02
 .87542530E-02
 .47349930E-02
 .72584150E-02
 .84609990E-02
 .70133210E-02
 .73022840E-02
 .70471760E-02
 .29664040E-02
 .74033740E-02
 .48761370E-02
 .49772260E-02
 .64444540E-02
 .55394170E-02
 .72493550E-02
 .76351170E-02
 .92034340E-02
 .61521530E-02
 .81820490E-02
 .66041950E-02
 .20670890E-02
 .56900980E-02
 .60100560E-02
 .65484050E-02
 .75502400E-02
 .75440410E-02
 .49424170E-02
 .44083600E-02
 .62623020E-02
 .72832110E-02
 .61020850E-02
 .64592360E-02
 .47659870E-02
 .65732000E-02
 .69880490E-02
 .56023600E-02
 .74782370E-02
 .67582130E-02
 .50554280E-02
 .65164570E-02
 .60992240E-02
 .31790730E-02
 .53763390E-02
 .56653020E-02
 .46811100E-02
 .88262560E-02
 .56753160E-02
 .59914590E-02
 .68154340E-02
 .74462890E-02
 .80242160E-02
 .63652990E-02
 .51312450E-02
 .65102580E-02
 .49552920E-02
 .31514170E-02
 .76260570E-02
 .80623630E-02
 .57563780E-02
 .50144200E-02
 .57973860E-02
 .58970450E-02
 .65951350E-02
 .46062470E-02
 .74310300E-02
 .83642010E-02
 .41470530E-02
 .65832140E-02
 .77581410E-02
 .65450670E-02
 .66580770E-02
 .73404310E-02
 .63252450E-02
 .73170660E-02
 .62961580E-02
 .68902970E-02
 .50683020E-02
 .58412550E-02
 .56462290E-02
 .53100590E-02
 .50330160E-02
 .69942470E-02
 .54264070E-02
 .69651600E-02
 .53381920E-02
 .60482030E-02
 .67553520E-02
 .71730610E-02
 .75254440E-02
 .59103970E-02
 .53572650E-02
 .54039960E-02
 .67801480E-02
 .70600510E-02
 .51531790E-02
 .45304300E-02
 .39434430E-02
 .78964230E-02
 .51813130E-02
 .59452060E-02
 .62460900E-02
 .40812490E-02
 .54450040E-02
 .42920110E-02
 .36292080E-02
 .62680240E-02
 .43640140E-02
 .39563180E-02
 .61330800E-02
 .61740880E-02
 .62932970E-02
 .53191180E-02
 .55580140E-02
 .45461650E-02
 .67300800E-02
 .50773620E-02
 .72174070E-02
 .74973110E-02
 .46343800E-02
 .56214330E-02
 .67772870E-02
 .44212340E-02
 .59232710E-02
 .58221820E-02
 .53629880E-02
 .71539880E-02
 .73170660E-02
 .71854590E-02
 .52223210E-02
 .32863620E-02
 .75812340E-02
 .41604040E-02
 .63343050E-02
 .75850490E-02
 .54674150E-02
 .59413910E-02
 .60453410E-02
 .51403050E-02
 .55112840E-02
 .56390760E-02
 .58603290E-02
 .55084230E-02
 .70881840E-02
 .61364170E-02
 .52752490E-02
 .37541390E-02
 .56753160E-02
 .49982070E-02
 .62313080E-02
 .51932330E-02
 .55084230E-02
 .53191180E-02
 .65202710E-02
 .53162570E-02
 .63562390E-02
 .72493550E-02
 .67744260E-02
 .62050820E-02
 .56023600E-02
 .76694490E-02
 .52313800E-02
 .77834130E-02
 .58822630E-02
 .55961610E-02
 .86593630E-02
 .58312420E-02
 .47163960E-02
 .44302940E-02
 .69432260E-02
 .58941840E-02
 .45490260E-02
 .58503150E-02
 .53911210E-02
 .71763990E-02
 .52032470E-02
 .58221820E-02
 .51684380E-02
 .66523550E-02
 .56180950E-02
 .48604010E-02
 .75693130E-02
 .43454170E-02
 .51431660E-02
 .61230660E-02
 .48732760E-02
 .65002440E-02
 .56524280E-02
 .58093070E-02
 .62122340E-02
 .78511240E-02
 .50463680E-02
 .70724490E-02
 .61640740E-02
 .71320530E-02
 .51150320E-02
 .69632530E-02
 .69284440E-02
 .30941960E-02
 .48103330E-02
 .48851970E-02
 .75440410E-02
 .44050220E-02
 .17313960E-02
 .25353430E-02
 .64592360E-02
 .66890720E-02
 .38204190E-02
 .69313050E-02
 .53253170E-02
 .52151680E-02
 .60830120E-02
 .79522130E-02
 .52413940E-02
 .38013460E-02
 .53353310E-02
 .55480000E-02
 .48351290E-02
 .33202170E-02
 .46443940E-02
 .60453410E-02
 .60510640E-02
 .83804130E-02
 .43082240E-02
 .61364170E-02
 .81062320E-02
 .69122310E-02
 .38771630E-02
 .38113590E-02
 .84362030E-02
 .66070560E-02
 .41193960E-02
 .73623660E-02
 .51932330E-02
 .64353940E-02
 .54702760E-02
 .52661900E-02
 .74992180E-02
 .57663920E-02
 .50873760E-02
 .60143470E-02
 .31480790E-02
 .74372290E-02
 .46343800E-02
 .62713620E-02
 .53730010E-02
 .42734150E-02
 .51050190E-02
 .39811130E-02
 .61903000E-02
 .62870980E-02
 .69251060E-02
 .38900380E-02
 .51960950E-02
 .59103970E-02
 .47912600E-02
 .59661870E-02
 .60234070E-02
 .52151680E-02
 .63681600E-02
 .50830840E-02
 .49052240E-02
 .67434310E-02
 .40311810E-02
 .34813880E-02
 .52413940E-02
 .55480000E-02
 .41341780E-02
 .56900980E-02
 .34594540E-02
 .43263440E-02
 .56753160E-02
 .36630630E-02
 .67653660E-02
 .81882480E-02
 .61550140E-02
 .66204070E-02
 .40502550E-02
 .45461650E-02
 .60729980E-02
 .84462170E-02
 .69971080E-02
 .29883380E-02
 .37980080E-02
 .51960950E-02
 .64191820E-02
 .26421550E-02
 .58693890E-02
 .32773020E-02
 .51531790E-02
 .57311060E-02
 .55451390E-02
 .38390160E-02
 .52561760E-02
 .70352550E-02
 .33054350E-02
 .31733510E-02
 .55770870E-02
 .47311780E-02
 .21834370E-02
 .45304300E-02
 .80342290E-02
 .41503910E-02
 .61140060E-02
 .65450670E-02
 .42133330E-02
 .50430300E-02
 .62813760E-02
 .40693280E-02
 .74491500E-02
 .56490900E-02
 .37322040E-02
 .43420790E-02
 .52313800E-02
 .46901700E-02
 .54540630E-02
 .59571270E-02
 .54512020E-02
 .57373050E-02
 .47349930E-02
 .70762630E-02
 .25730130E-02
 .46310420E-02
 .75631140E-02
 .45032500E-02
 .56934360E-02
 .86693760E-02
 .46443940E-02
 .21233560E-02
 .37894250E-02
 .68340300E-02
 .25644300E-02
 .59194560E-02
 .48031810E-02
 .41284560E-02
 .68812370E-02
 .54349900E-02
 .41103360E-02
 .55804250E-02
 .71134570E-02
 .48322680E-02
 .35223960E-02
 .45990940E-02
 .39744380E-02
 .66699980E-02
 .36044120E-02
 .67710880E-02
 .43993000E-02
 .47793390E-02
 .57873730E-02
 .60009960E-02
 .46153070E-02
 .36454200E-02
 .45342450E-02
 .60672760E-02
 .46091080E-02
 .33841130E-02
 .62770840E-02
 .38142200E-02
 .27084350E-02
 .77834130E-02
 .63972470E-02
 .14891620E-02
 .34184460E-02
 .64501760E-02
 .47941210E-02
 .50082210E-02
 .28901100E-02
 .30221940E-02
 .72302820E-02
 .46062470E-02
 .30603410E-02
 .54640770E-02
 .43802260E-02
 .46310420E-02
 .47793390E-02
 .52852630E-02
 .59161190E-02
 .49700740E-02
 .82354550E-02
 .52871700E-02
 .50873760E-02
 .63943860E-02
 .37980080E-02
 .40812490E-02
 .19483570E-02
 .44741630E-02
 .74272160E-02
 .26450160E-02
 .40841100E-02
 .44112210E-02
 .70290570E-02
 .55642130E-02
 .30221940E-02
 .61550140E-02
 .65732000E-02
 .51550870E-02
 .43921470E-02
 .43730740E-02
 .41503910E-02
 .26230810E-02
 .48322680E-02
 .80590250E-02
 .39901730E-02
 .56152340E-02
 .51870350E-02
 .24161340E-02
 .55580140E-02
 .24733540E-02
 .21610260E-02
 .46854020E-02
 .61550140E-02
 .63314440E-02
 .63090320E-02
 .73270800E-02
 .33330920E-02
 .41131970E-02
 .77862740E-02
 .73490140E-02
 .37922860E-02
 .62022210E-02
 .36630630E-02
 .55713650E-02
 .66361430E-02
 .50873760E-02
 .40092470E-02
 .56524280E-02
 .41823390E-02
 .62460900E-02
 .34942630E-02
 .41131970E-02
 .66242220E-02
 .44112210E-02
 .37260060E-02
 .77772140E-02
 .40750500E-02
 .32234190E-02
 .59132580E-02
 .58193210E-02
 .48670770E-02
 .34723280E-02
 .47163960E-02
 .63123700E-02
 .77509880E-02
 .58622360E-02
 .32234190E-02
 .66390040E-02
 .45781140E-02
 .45714380E-02
 .49552920E-02
 .30512810E-02
 .36573410E-02
 .31862260E-02
 .67653660E-02
 .43263440E-02
 .40874480E-02
 .36163330E-02
 .70600510E-02
 .40192600E-02
 .41823390E-02
 .44422150E-02
 .66580770E-02
 .32362940E-02
 .47411920E-02
 .46782490E-02
 .44422150E-02
 .42042730E-02
 .54483410E-02
 .28433800E-02
 .44302940E-02
 .84052090E-02
 .64134600E-02
 .12750630E-02
 .50640110E-02
 .56800840E-02
 .40154460E-02
 .44012070E-02
 .53892140E-02
 .52504540E-02
 .57621000E-02
 .58970450E-02
 .50244330E-02
 .42819980E-02
 .52661900E-02
 .25291440E-02
 .35352710E-02
 .80242160E-02
 .39300920E-02
 .13823510E-02
 .24132730E-02
 .29282570E-02
 .36311150E-02
 .43010710E-02
 .43330190E-02
 .51841740E-02
 .27360920E-02
 .33273700E-02
 .43101310E-02
 .56242940E-02
 .51240920E-02
 .26822090E-02
 .40431020E-02
 .66962240E-02
 .43830870E-02
 .39210320E-02
 .50640110E-02
 .48203470E-02
 .58341030E-02
 .66614150E-02
 .42471890E-02
 .61202050E-02
 .71482660E-02
 .32234190E-02
 .57282450E-02
 .60729980E-02
 .25820730E-02
 .44174190E-02
 .66041950E-02
 .68473820E-02
 .42471890E-02
 .45304300E-02
 .37174220E-02
 .44083600E-02
 .46620370E-02
 .43454170E-02
 .67152980E-02
 .48570630E-02
 .50053600E-02
 .51240920E-02
 .37894250E-02
 .20232200E-02
 .44360160E-02
 .46372410E-02
 .46343800E-02
 .37794110E-02
 .46811100E-02
 .41003230E-02
 .39653780E-02
 .49014090E-02
 .49672130E-02
 .35562520E-02
 .46124460E-02
 .32892230E-02
 .29382710E-02
 .45752530E-02
 .66242220E-02
 .46620370E-02
 .50520900E-02
 .59633260E-02
 .37703510E-02
 .47092440E-02
 .33650400E-02
 .43764110E-02
 .46753880E-02
 .70033070E-02
 .32892230E-02
 .26612280E-02
 .68712230E-02
 .18501280E-02
 .29120450E-02
 .29721260E-02
 .31924250E-02
 .63910480E-02
 .32200810E-02
 .34680370E-02
 .46782490E-02
 .87132450E-02
 .38714410E-02
 .41823390E-02
 .62842370E-02
 .36764140E-02
 .38170810E-02
 .50520900E-02
 .34370420E-02
 .38523670E-02
 .49300190E-02
 .60892110E-02
 .28462410E-02
 .48131940E-02
 .50830840E-02
 .58751110E-02
 .25453570E-02
 .27933120E-02
 .49014090E-02
 .27394290E-02
 .57973860E-02
 .30322070E-02
 .22244450E-02
 .24094580E-02
 .71320530E-02
 .56300160E-02
 .59323310E-02
 .42600630E-02
 .38490300E-02
 .38552280E-02
 .42042730E-02
 .31232830E-02
 .40121080E-02
 .31542780E-02
 .31323430E-02
 .53133960E-02
 .53062440E-02
 .25453570E-02
 .41913990E-02
 .54101940E-02
 .24824140E-02
 .21333690E-02
 .51531790E-02
 .69403650E-02
 .29253960E-02
 .58622360E-02
 .33993720E-02
 .44994350E-02
 .58383940E-02
 .56753160E-02
 .23841860E-02
 .45681000E-02
 .65293310E-02
 .65350530E-02
 .25291440E-02
 .30603410E-02
 .47254560E-02
 .33054350E-02
 .45032500E-02
 .33612250E-02
 .47073360E-02
 .22029880E-03
 .37074090E-02
 .48980710E-02
 .55332180E-02
 .47030450E-02
 .10581020E-02
 .51932330E-02
 .43673520E-02
 .24542810E-02
 .51460270E-02
 .28491020E-02
 .32992360E-02
 .30632020E-02
 .41031840E-02
 .42099950E-02
 .21524430E-02
 .33903120E-02
 .54759980E-02
 .45461650E-02
 .30879970E-02
 .67610740E-02
 .53739550E-03
 .37612920E-02
 .47659870E-02
 .48542020E-02
 .49610140E-02
 .48160550E-02
 .37360190E-02
 .25644300E-02
 .60420040E-02
 .60644150E-02
 .33960340E-02
 .52561760E-02
 .46563150E-02
 .39711000E-02
 .30703540E-02
 .26803020E-02
 .44741630E-02
 .51741600E-02
 .49390790E-02
 .45490260E-02
 .25510790E-02
 .47349930E-02
 .41661260E-02
 .67520140E-03
 .13689990E-02
 .54893490E-02
 .46281810E-02
 .34370420E-02
 .38204190E-02
 .34842490E-02
 .31514170E-02
 .32200810E-02
 .26011470E-02
 .24781230E-02
 .33464430E-02
 .33464430E-02
 .41341780E-02
 .63004490E-02
 .32043460E-02
 .11754040E-02
 .35943980E-02
 .57592390E-02
 .54073330E-02
 .40974620E-02
 .37260060E-02
 .32992360E-02
 .32362940E-02
 .39334300E-02
 .10623930E-02
 .38771630E-02
 .37631990E-02
 .26102070E-02
 .15673640E-02
 .17871860E-02
 .44622420E-02
 .41723250E-03
 .42691230E-02
 .50873760E-02
 .47883990E-02
 .14510150E-02
 .35543440E-02
 .60420040E-02
 .56524280E-02
 .38304330E-02
 .36540030E-02
 .45490260E-02
 .20322800E-02
 .23870470E-02
 .29721260E-02
 .45533180E-02
 .53892140E-02
 .51531790E-02
 .35281180E-02
 .42471890E-02
 .16870500E-02
 .22153850E-02
 .53629880E-02
 .14734270E-02
 .47822000E-02
 .30794140E-02
 .23784640E-02
 .29883380E-02
 .12121200E-02
 .55022240E-02
 .57063100E-02
 .26140210E-02
 .22802350E-02
 .42262080E-02
 .49262050E-02
 .20480160E-02
 .32334330E-02
 .57840350E-02
 .72202680E-02
 .34151080E-02
 .16741750E-02
 .59661870E-02
 .51403050E-02
 .23822780E-02
 .30632020E-02
 .41413310E-02
 .38900380E-02
 .39930340E-02
 .37174220E-02
 .18811230E-02
 .32072070E-02
 .28972630E-02
 .69713590E-03
 .26421550E-02
 .54450040E-02
 .23560520E-02
 .26893620E-02
 .35543440E-02
 .46472550E-02
 .39401050E-02
 .23751260E-02
 .30441280E-02
 .43511390E-02
 .94938280E-03
 .42190550E-02
 .58569910E-02
 .43330190E-02
 .44274330E-02
 .27394290E-02
 .19221310E-02
 .11563300E-02
 .47822000E-02
 .17280580E-02
 .40092470E-02
 .27861600E-02
 .26702880E-02
 .16994480E-02
 .17280580E-02
 .32863620E-02
 .34723280E-02
 .40531160E-02
 .10800360E-02
 .13232230E-02
 .47631260E-02
 .24280550E-02
 .36482810E-02
 .52280430E-02
 .46854020E-02
 .52194600E-02
 .33082960E-02
 .48670770E-02
 .40564540E-02
 .24690630E-02
 .35400390E-02
 .39711000E-02
 .37131310E-02
 .44550900E-02
 .38042070E-02
 .32773020E-02
 .28972630E-02
 .52633290E-02
 .45032500E-02
 .22120480E-02
 .30341150E-02
 .40340420E-02
 .39811130E-02
 .37260060E-02
 .31952860E-02
 .18792150E-02
 .42352680E-02
 .47793390E-02
 .32172200E-02
 .12502670E-02
 .29811860E-02
 .37450790E-02
 .59633260E-02
 .25291440E-02
 .14071460E-02
 .47793390E-02
 .50802230E-02
 .23632050E-02
 .28491020E-02
 .24662020E-02
 .18000600E-02
 .14834400E-02
 .17962460E-02
 .59599880E-02
 .60510640E-02
 .25191310E-02
 .36220550E-02
 .13322830E-02
 .40402410E-02
 .43950080E-02
 .30941960E-02
 .25792120E-02
 .38833620E-02
 .36411290E-02
 .22053720E-02
 .25672910E-02
 .12412070E-02
 .23941990E-02
 .32024380E-02
 .11811260E-02
 .23722650E-02
 .23412700E-02
 .41103360E-02
 .38862230E-02
 .32043460E-02
 .38523670E-02
 .27303700E-02
 .29034610E-02
 .58031080E-02
 .44331550E-02
 .19850730E-02
 .23093220E-02
 .47793390E-02
 .41561130E-02
 .42953490E-02
 .33054350E-02
 .20351410E-02
 .15101430E-02
 .24223330E-02
 .50182340E-02
 .12063980E-02
 .37732120E-02
 .32644270E-02
 .24952890E-02
 .50830840E-02
 .56123730E-03
 .25000570E-02
 .40092470E-02
 .33931730E-02
 .25234220E-02
 .15740390E-02
 .32863620E-02
 .43010710E-02
 .29001240E-02
 .22711750E-02
 .26674270E-02
 .42161940E-02
 .22592540E-02
 .17690660E-02
 .35500530E-02
 .16303060E-02
 .35314560E-02
 .33202170E-02
 .31571390E-02
 .11930470E-02
 .43950080E-02
 .40154460E-02
 .00000000E+00
 .65040590E-03
 .42572020E-02
 .42290690E-02
 .41284560E-02
 .34971240E-02
 .29602050E-02
 .15993120E-02
 .42953490E-02
 .44522290E-02
 .15702250E-02
 .27933120E-02
 .33302310E-02
 .59103970E-02
 .41222570E-02
 .32291410E-02
 .36721230E-02
 .19221310E-02
 .25000570E-02
 .52342410E-02
 .36849980E-02
 .42014120E-02
 .22964480E-02
 .25672910E-02
 .25691990E-02
 .24003980E-02
 .42881970E-02
 .49862860E-02
 .38862230E-02
 .25892260E-02
 .29253960E-02
 .52852630E-02
 .17180440E-02
 .34222600E-02
 .23031230E-02
 .31352040E-02
